# 
# This file contains a simulated light curve of a single orbit of a circular orbit,
# eclipsing binary. The three columns are orbital phase (changes by 1 over the orbit),
# flux, and uncertainty in flux.
# 
-0.15000 1.54860 7.755e-03
-0.14950 1.55457 7.755e-03
-0.14900 1.53705 7.755e-03
-0.14850 1.53959 7.755e-03
-0.14800 1.56328 7.755e-03
-0.14750 1.54983 7.755e-03
-0.14700 1.54451 7.755e-03
-0.14650 1.53824 7.755e-03
-0.14600 1.54039 7.755e-03
-0.14550 1.54564 7.755e-03
-0.14500 1.55949 7.755e-03
-0.14450 1.54690 7.755e-03
-0.14400 1.55298 7.755e-03
-0.14350 1.55338 7.755e-03
-0.14300 1.55042 7.755e-03
-0.14250 1.55623 7.755e-03
-0.14200 1.55681 7.755e-03
-0.14150 1.53519 7.755e-03
-0.14100 1.56345 7.755e-03
-0.14050 1.55314 7.755e-03
-0.14000 1.54991 7.755e-03
-0.13950 1.54671 7.755e-03
-0.13900 1.55526 7.755e-03
-0.13850 1.54832 7.755e-03
-0.13800 1.56501 7.755e-03
-0.13750 1.54476 7.755e-03
-0.13700 1.54620 7.755e-03
-0.13650 1.54226 7.755e-03
-0.13600 1.55806 7.755e-03
-0.13550 1.55542 7.755e-03
-0.13500 1.55628 7.755e-03
-0.13450 1.55330 7.755e-03
-0.13400 1.54454 7.755e-03
-0.13350 1.54668 7.755e-03
-0.13300 1.55811 7.755e-03
-0.13250 1.55130 7.755e-03
-0.13200 1.55949 7.755e-03
-0.13150 1.55077 7.755e-03
-0.13100 1.55780 7.755e-03
-0.13050 1.55518 7.755e-03
-0.13000 1.56538 7.755e-03
-0.12950 1.54488 7.755e-03
-0.12900 1.53645 7.755e-03
-0.12850 1.55964 7.755e-03
-0.12800 1.54705 7.755e-03
-0.12750 1.55752 7.755e-03
-0.12700 1.54579 7.755e-03
-0.12650 1.53401 7.755e-03
-0.12600 1.54433 7.755e-03
-0.12550 1.55970 7.755e-03
-0.12500 1.54365 7.755e-03
-0.12450 1.53765 7.755e-03
-0.12400 1.55263 7.755e-03
-0.12350 1.54679 7.755e-03
-0.12300 1.56203 7.755e-03
-0.12250 1.54612 7.755e-03
-0.12200 1.54247 7.755e-03
-0.12150 1.54664 7.755e-03
-0.12100 1.54508 7.755e-03
-0.12050 1.54439 7.755e-03
-0.12000 1.56401 7.755e-03
-0.11950 1.55632 7.755e-03
-0.11900 1.54836 7.755e-03
-0.11850 1.54567 7.755e-03
-0.11800 1.55327 7.755e-03
-0.11750 1.54251 7.755e-03
-0.11700 1.55020 7.755e-03
-0.11650 1.54090 7.755e-03
-0.11600 1.53613 7.755e-03
-0.11550 1.56633 7.755e-03
-0.11500 1.54788 7.755e-03
-0.11450 1.55318 7.755e-03
-0.11400 1.55011 7.755e-03
-0.11350 1.56545 7.755e-03
-0.11300 1.56418 7.755e-03
-0.11250 1.54349 7.755e-03
-0.11200 1.54944 7.755e-03
-0.11150 1.56026 7.755e-03
-0.11100 1.55487 7.755e-03
-0.11050 1.55332 7.755e-03
-0.11000 1.54274 7.755e-03
-0.10950 1.55257 7.755e-03
-0.10900 1.54593 7.755e-03
-0.10850 1.55717 7.755e-03
-0.10800 1.54508 7.755e-03
-0.10750 1.54534 7.755e-03
-0.10700 1.55127 7.755e-03
-0.10650 1.55041 7.755e-03
-0.10600 1.56788 7.755e-03
-0.10550 1.55212 7.755e-03
-0.10500 1.54704 7.755e-03
-0.10450 1.55398 7.755e-03
-0.10400 1.55916 7.755e-03
-0.10350 1.54883 7.755e-03
-0.10300 1.56012 7.755e-03
-0.10250 1.55693 7.755e-03
-0.10200 1.56708 7.755e-03
-0.10150 1.54710 7.755e-03
-0.10100 1.56254 7.755e-03
-0.10050 1.55857 7.755e-03
-0.10000 1.54441 7.755e-03
-0.09950 1.54510 7.755e-03
-0.09900 1.54221 7.755e-03
-0.09850 1.54774 7.755e-03
-0.09800 1.55186 7.755e-03
-0.09750 1.55455 7.755e-03
-0.09700 1.55037 7.755e-03
-0.09650 1.54552 7.755e-03
-0.09600 1.56056 7.755e-03
-0.09550 1.55217 7.755e-03
-0.09500 1.54565 7.755e-03
-0.09450 1.54950 7.755e-03
-0.09400 1.56088 7.755e-03
-0.09350 1.55592 7.755e-03
-0.09300 1.54479 7.755e-03
-0.09250 1.54147 7.755e-03
-0.09200 1.55638 7.755e-03
-0.09150 1.56398 7.755e-03
-0.09100 1.56244 7.755e-03
-0.09050 1.55702 7.755e-03
-0.09000 1.55329 7.755e-03
-0.08950 1.54352 7.755e-03
-0.08900 1.55509 7.755e-03
-0.08850 1.54077 7.755e-03
-0.08800 1.55407 7.755e-03
-0.08750 1.56041 7.755e-03
-0.08700 1.54935 7.755e-03
-0.08650 1.54221 7.755e-03
-0.08600 1.55305 7.755e-03
-0.08550 1.56504 7.755e-03
-0.08500 1.54832 7.755e-03
-0.08450 1.54180 7.755e-03
-0.08400 1.55072 7.755e-03
-0.08350 1.54919 7.755e-03
-0.08300 1.55497 7.755e-03
-0.08250 1.55565 7.755e-03
-0.08200 1.54753 7.755e-03
-0.08150 1.55418 7.755e-03
-0.08100 1.55249 7.755e-03
-0.08050 1.55864 7.755e-03
-0.08000 1.55348 7.755e-03
-0.07950 1.54305 7.755e-03
-0.07900 1.54636 7.755e-03
-0.07850 1.54743 7.755e-03
-0.07800 1.55381 7.755e-03
-0.07750 1.54764 7.755e-03
-0.07700 1.53695 7.755e-03
-0.07650 1.55959 7.755e-03
-0.07600 1.54324 7.755e-03
-0.07550 1.55381 7.755e-03
-0.07500 1.56686 7.755e-03
-0.07450 1.53793 7.755e-03
-0.07400 1.55639 7.755e-03
-0.07350 1.56069 7.755e-03
-0.07300 1.55400 7.755e-03
-0.07250 1.54531 7.755e-03
-0.07200 1.55720 7.755e-03
-0.07150 1.55878 7.755e-03
-0.07100 1.55842 7.755e-03
-0.07050 1.53960 7.755e-03
-0.07000 1.55079 7.755e-03
-0.06950 1.55605 7.755e-03
-0.06900 1.53837 7.755e-03
-0.06850 1.56792 7.755e-03
-0.06800 1.55688 7.755e-03
-0.06750 1.55762 7.755e-03
-0.06700 1.54602 7.755e-03
-0.06650 1.54501 7.755e-03
-0.06600 1.54593 7.755e-03
-0.06550 1.54741 7.755e-03
-0.06500 1.54643 7.755e-03
-0.06450 1.54650 7.755e-03
-0.06400 1.54201 7.755e-03
-0.06350 1.53885 7.755e-03
-0.06300 1.53593 7.755e-03
-0.06250 1.52181 7.755e-03
-0.06200 1.52193 7.755e-03
-0.06150 1.52417 7.755e-03
-0.06100 1.51438 7.755e-03
-0.06050 1.51541 7.755e-03
-0.06000 1.49991 7.755e-03
-0.05950 1.51179 7.755e-03
-0.05900 1.48907 7.755e-03
-0.05850 1.48890 7.755e-03
-0.05800 1.48752 7.755e-03
-0.05750 1.49096 7.755e-03
-0.05700 1.45990 7.755e-03
-0.05650 1.46634 7.755e-03
-0.05600 1.45587 7.755e-03
-0.05550 1.44241 7.755e-03
-0.05500 1.42588 7.755e-03
-0.05450 1.43536 7.755e-03
-0.05400 1.43478 7.755e-03
-0.05350 1.41656 7.755e-03
-0.05300 1.39787 7.755e-03
-0.05250 1.39867 7.755e-03
-0.05200 1.39704 7.755e-03
-0.05150 1.37698 7.755e-03
-0.05100 1.37918 7.755e-03
-0.05050 1.35999 7.755e-03
-0.05000 1.34173 7.755e-03
-0.04950 1.34137 7.755e-03
-0.04900 1.32227 7.755e-03
-0.04850 1.32907 7.755e-03
-0.04800 1.31876 7.755e-03
-0.04750 1.30987 7.755e-03
-0.04700 1.28036 7.755e-03
-0.04650 1.28019 7.755e-03
-0.04600 1.27359 7.755e-03
-0.04550 1.27238 7.755e-03
-0.04500 1.26182 7.755e-03
-0.04450 1.24200 7.755e-03
-0.04400 1.23617 7.755e-03
-0.04350 1.21251 7.755e-03
-0.04300 1.20918 7.755e-03
-0.04250 1.20126 7.755e-03
-0.04200 1.20094 7.755e-03
-0.04150 1.17286 7.755e-03
-0.04100 1.17662 7.755e-03
-0.04050 1.15185 7.755e-03
-0.04000 1.14501 7.755e-03
-0.03950 1.12552 7.755e-03
-0.03900 1.13034 7.755e-03
-0.03850 1.10977 7.755e-03
-0.03800 1.10129 7.755e-03
-0.03750 1.10038 7.755e-03
-0.03700 1.07094 7.755e-03
-0.03650 1.04486 7.755e-03
-0.03600 1.04768 7.755e-03
-0.03550 1.04861 7.755e-03
-0.03500 1.04142 7.755e-03
-0.03450 1.01880 7.755e-03
-0.03400 1.01003 7.755e-03
-0.03350 0.98316 7.755e-03
-0.03300 0.96348 7.755e-03
-0.03250 0.95777 7.755e-03
-0.03200 0.94865 7.755e-03
-0.03150 0.95154 7.755e-03
-0.03100 0.94480 7.755e-03
-0.03050 0.91108 7.755e-03
-0.03000 0.90542 7.755e-03
-0.02950 0.90125 7.755e-03
-0.02900 0.88469 7.755e-03
-0.02850 0.87299 7.755e-03
-0.02800 0.86624 7.755e-03
-0.02750 0.84980 7.755e-03
-0.02700 0.84197 7.755e-03
-0.02650 0.82716 7.755e-03
-0.02600 0.82134 7.755e-03
-0.02550 0.80004 7.755e-03
-0.02500 0.77570 7.755e-03
-0.02450 0.77490 7.755e-03
-0.02400 0.76117 7.755e-03
-0.02350 0.75851 7.755e-03
-0.02300 0.74044 7.755e-03
-0.02250 0.71314 7.755e-03
-0.02200 0.71531 7.755e-03
-0.02150 0.71087 7.755e-03
-0.02100 0.69218 7.755e-03
-0.02050 0.66497 7.755e-03
-0.02000 0.66897 7.755e-03
-0.01950 0.67191 7.755e-03
-0.01900 0.64736 7.755e-03
-0.01850 0.62448 7.755e-03
-0.01800 0.63368 7.755e-03
-0.01750 0.60993 7.755e-03
-0.01700 0.59226 7.755e-03
-0.01650 0.58706 7.755e-03
-0.01600 0.57813 7.755e-03
-0.01550 0.56717 7.755e-03
-0.01500 0.57313 7.755e-03
-0.01450 0.57333 7.755e-03
-0.01400 0.55471 7.755e-03
-0.01350 0.55412 7.755e-03
-0.01300 0.55030 7.755e-03
-0.01250 0.53899 7.755e-03
-0.01200 0.52068 7.755e-03
-0.01150 0.54218 7.755e-03
-0.01100 0.54610 7.755e-03
-0.01050 0.53920 7.755e-03
-0.01000 0.53730 7.755e-03
-0.00950 0.55638 7.755e-03
-0.00900 0.54338 7.755e-03
-0.00850 0.53319 7.755e-03
-0.00800 0.52164 7.755e-03
-0.00750 0.54961 7.755e-03
-0.00700 0.53925 7.755e-03
-0.00650 0.53586 7.755e-03
-0.00600 0.53264 7.755e-03
-0.00550 0.53422 7.755e-03
-0.00500 0.53913 7.755e-03
-0.00450 0.54912 7.755e-03
-0.00400 0.53574 7.755e-03
-0.00350 0.54525 7.755e-03
-0.00300 0.54043 7.755e-03
-0.00250 0.53947 7.755e-03
-0.00200 0.53681 7.755e-03
-0.00150 0.56226 7.755e-03
-0.00100 0.54046 7.755e-03
-0.00050 0.53839 7.755e-03
0.00000 0.52867 7.755e-03
0.00050 0.54339 7.755e-03
0.00100 0.52934 7.755e-03
0.00150 0.53485 7.755e-03
0.00200 0.53420 7.755e-03
0.00250 0.53554 7.755e-03
0.00300 0.54322 7.755e-03
0.00350 0.53469 7.755e-03
0.00400 0.53281 7.755e-03
0.00450 0.53257 7.755e-03
0.00500 0.52851 7.755e-03
0.00550 0.53867 7.755e-03
0.00600 0.54029 7.755e-03
0.00650 0.54170 7.755e-03
0.00700 0.53567 7.755e-03
0.00750 0.55059 7.755e-03
0.00800 0.53013 7.755e-03
0.00850 0.53001 7.755e-03
0.00900 0.54350 7.755e-03
0.00950 0.54244 7.755e-03
0.01000 0.54595 7.755e-03
0.01050 0.53916 7.755e-03
0.01100 0.54840 7.755e-03
0.01150 0.52812 7.755e-03
0.01200 0.53211 7.755e-03
0.01250 0.53123 7.755e-03
0.01300 0.53262 7.755e-03
0.01350 0.53877 7.755e-03
0.01400 0.55008 7.755e-03
0.01450 0.55777 7.755e-03
0.01500 0.56775 7.755e-03
0.01550 0.56826 7.755e-03
0.01600 0.58322 7.755e-03
0.01650 0.60090 7.755e-03
0.01700 0.60691 7.755e-03
0.01750 0.61383 7.755e-03
0.01800 0.61365 7.755e-03
0.01850 0.64047 7.755e-03
0.01900 0.63500 7.755e-03
0.01950 0.65675 7.755e-03
0.02000 0.66115 7.755e-03
0.02050 0.66566 7.755e-03
0.02100 0.70270 7.755e-03
0.02150 0.69890 7.755e-03
0.02200 0.69920 7.755e-03
0.02250 0.73163 7.755e-03
0.02300 0.74846 7.755e-03
0.02350 0.74407 7.755e-03
0.02400 0.76112 7.755e-03
0.02450 0.76538 7.755e-03
0.02500 0.79178 7.755e-03
0.02550 0.79167 7.755e-03
0.02600 0.81037 7.755e-03
0.02650 0.81784 7.755e-03
0.02700 0.83820 7.755e-03
0.02750 0.84628 7.755e-03
0.02800 0.85010 7.755e-03
0.02850 0.87783 7.755e-03
0.02900 0.88162 7.755e-03
0.02950 0.90627 7.755e-03
0.03000 0.90912 7.755e-03
0.03050 0.90752 7.755e-03
0.03100 0.93137 7.755e-03
0.03150 0.95365 7.755e-03
0.03200 0.95952 7.755e-03
0.03250 0.97691 7.755e-03
0.03300 0.98181 7.755e-03
0.03350 0.98622 7.755e-03
0.03400 1.01023 7.755e-03
0.03450 1.02370 7.755e-03
0.03500 1.02760 7.755e-03
0.03550 1.03904 7.755e-03
0.03600 1.04593 7.755e-03
0.03650 1.06124 7.755e-03
0.03700 1.07290 7.755e-03
0.03750 1.09281 7.755e-03
0.03800 1.09400 7.755e-03
0.03850 1.11009 7.755e-03
0.03900 1.12364 7.755e-03
0.03950 1.14040 7.755e-03
0.04000 1.13788 7.755e-03
0.04050 1.16444 7.755e-03
0.04100 1.15603 7.755e-03
0.04150 1.18681 7.755e-03
0.04200 1.19039 7.755e-03
0.04250 1.18159 7.755e-03
0.04300 1.21273 7.755e-03
0.04350 1.23150 7.755e-03
0.04400 1.23414 7.755e-03
0.04450 1.24649 7.755e-03
0.04500 1.23804 7.755e-03
0.04550 1.27061 7.755e-03
0.04600 1.26955 7.755e-03
0.04650 1.30332 7.755e-03
0.04700 1.29368 7.755e-03
0.04750 1.29316 7.755e-03
0.04800 1.31508 7.755e-03
0.04850 1.32575 7.755e-03
0.04900 1.32798 7.755e-03
0.04950 1.34209 7.755e-03
0.05000 1.34999 7.755e-03
0.05050 1.35902 7.755e-03
0.05100 1.37367 7.755e-03
0.05150 1.37498 7.755e-03
0.05200 1.39332 7.755e-03
0.05250 1.40503 7.755e-03
0.05300 1.40914 7.755e-03
0.05350 1.40687 7.755e-03
0.05400 1.43216 7.755e-03
0.05450 1.43339 7.755e-03
0.05500 1.42627 7.755e-03
0.05550 1.45526 7.755e-03
0.05600 1.44856 7.755e-03
0.05650 1.45930 7.755e-03
0.05700 1.47380 7.755e-03
0.05750 1.46919 7.755e-03
0.05800 1.48407 7.755e-03
0.05850 1.47663 7.755e-03
0.05900 1.51268 7.755e-03
0.05950 1.49732 7.755e-03
0.06000 1.51902 7.755e-03
0.06050 1.52532 7.755e-03
0.06100 1.51438 7.755e-03
0.06150 1.51816 7.755e-03
0.06200 1.51213 7.755e-03
0.06250 1.53513 7.755e-03
0.06300 1.54478 7.755e-03
0.06350 1.54046 7.755e-03
0.06400 1.54380 7.755e-03
0.06450 1.54996 7.755e-03
0.06500 1.53315 7.755e-03
0.06550 1.54985 7.755e-03
0.06600 1.55535 7.755e-03
0.06650 1.54139 7.755e-03
0.06700 1.54936 7.755e-03
0.06750 1.56237 7.755e-03
0.06800 1.54868 7.755e-03
0.06850 1.53998 7.755e-03
0.06900 1.54359 7.755e-03
0.06950 1.56366 7.755e-03
0.07000 1.54977 7.755e-03
0.07050 1.54690 7.755e-03
0.07100 1.56410 7.755e-03
0.07150 1.53504 7.755e-03
0.07200 1.55868 7.755e-03
0.07250 1.55238 7.755e-03
0.07300 1.55254 7.755e-03
0.07350 1.55439 7.755e-03
0.07400 1.55419 7.755e-03
0.07450 1.55264 7.755e-03
0.07500 1.55450 7.755e-03
0.07550 1.54803 7.755e-03
0.07600 1.54944 7.755e-03
0.07650 1.54530 7.755e-03
0.07700 1.55118 7.755e-03
0.07750 1.55410 7.755e-03
0.07800 1.56308 7.755e-03
0.07850 1.56543 7.755e-03
0.07900 1.56040 7.755e-03
0.07950 1.55521 7.755e-03
0.08000 1.54833 7.755e-03
0.08050 1.54758 7.755e-03
0.08100 1.55073 7.755e-03
0.08150 1.55367 7.755e-03
0.08200 1.55925 7.755e-03
0.08250 1.55932 7.755e-03
0.08300 1.54742 7.755e-03
0.08350 1.55955 7.755e-03
0.08400 1.55513 7.755e-03
0.08450 1.55044 7.755e-03
0.08500 1.55450 7.755e-03
0.08550 1.56311 7.755e-03
0.08600 1.53881 7.755e-03
0.08650 1.54485 7.755e-03
0.08700 1.54295 7.755e-03
0.08750 1.54917 7.755e-03
0.08800 1.56098 7.755e-03
0.08850 1.54445 7.755e-03
0.08900 1.55388 7.755e-03
0.08950 1.56225 7.755e-03
0.09000 1.54276 7.755e-03
0.09050 1.56543 7.755e-03
0.09100 1.54434 7.755e-03
0.09150 1.55626 7.755e-03
0.09200 1.54820 7.755e-03
0.09250 1.53834 7.755e-03
0.09300 1.55652 7.755e-03
0.09350 1.54506 7.755e-03
0.09400 1.54823 7.755e-03
0.09450 1.55988 7.755e-03
0.09500 1.54822 7.755e-03
0.09550 1.54853 7.755e-03
0.09600 1.54157 7.755e-03
0.09650 1.54326 7.755e-03
0.09700 1.55237 7.755e-03
0.09750 1.55430 7.755e-03
0.09800 1.54610 7.755e-03
0.09850 1.56382 7.755e-03
0.09900 1.56428 7.755e-03
0.09950 1.54767 7.755e-03
0.10000 1.54979 7.755e-03
0.10050 1.54651 7.755e-03
0.10100 1.55084 7.755e-03
0.10150 1.54618 7.755e-03
0.10200 1.56846 7.755e-03
0.10250 1.55061 7.755e-03
0.10300 1.55806 7.755e-03
0.10350 1.54008 7.755e-03
0.10400 1.55015 7.755e-03
0.10450 1.55961 7.755e-03
0.10500 1.53902 7.755e-03
0.10550 1.55573 7.755e-03
0.10600 1.54775 7.755e-03
0.10650 1.55105 7.755e-03
0.10700 1.55610 7.755e-03
0.10750 1.55325 7.755e-03
0.10800 1.54130 7.755e-03
0.10850 1.55029 7.755e-03
0.10900 1.55110 7.755e-03
0.10950 1.55450 7.755e-03
0.11000 1.56318 7.755e-03
0.11050 1.55387 7.755e-03
0.11100 1.55790 7.755e-03
0.11150 1.54641 7.755e-03
0.11200 1.54944 7.755e-03
0.11250 1.54695 7.755e-03
0.11300 1.55470 7.755e-03
0.11350 1.55504 7.755e-03
0.11400 1.55373 7.755e-03
0.11450 1.54500 7.755e-03
0.11500 1.56162 7.755e-03
0.11550 1.54834 7.755e-03
0.11600 1.54696 7.755e-03
0.11650 1.55001 7.755e-03
0.11700 1.55330 7.755e-03
0.11750 1.55350 7.755e-03
0.11800 1.56013 7.755e-03
0.11850 1.54655 7.755e-03
0.11900 1.55732 7.755e-03
0.11950 1.54685 7.755e-03
0.12000 1.55619 7.755e-03
0.12050 1.54893 7.755e-03
0.12100 1.54764 7.755e-03
0.12150 1.55860 7.755e-03
0.12200 1.56314 7.755e-03
0.12250 1.54302 7.755e-03
0.12300 1.54088 7.755e-03
0.12350 1.55781 7.755e-03
0.12400 1.54492 7.755e-03
0.12450 1.55475 7.755e-03
0.12500 1.55911 7.755e-03
0.12550 1.56519 7.755e-03
0.12600 1.53970 7.755e-03
0.12650 1.54807 7.755e-03
0.12700 1.55291 7.755e-03
0.12750 1.53927 7.755e-03
0.12800 1.56062 7.755e-03
0.12850 1.55005 7.755e-03
0.12900 1.55125 7.755e-03
0.12950 1.53958 7.755e-03
0.13000 1.54436 7.755e-03
0.13050 1.54621 7.755e-03
0.13100 1.55230 7.755e-03
0.13150 1.53833 7.755e-03
0.13200 1.54965 7.755e-03
0.13250 1.56861 7.755e-03
0.13300 1.55315 7.755e-03
0.13350 1.56622 7.755e-03
0.13400 1.54270 7.755e-03
0.13450 1.56242 7.755e-03
0.13500 1.55817 7.755e-03
0.13550 1.53865 7.755e-03
0.13600 1.55441 7.755e-03
0.13650 1.54593 7.755e-03
0.13700 1.53497 7.755e-03
0.13750 1.54728 7.755e-03
0.13800 1.56077 7.755e-03
0.13850 1.55911 7.755e-03
0.13900 1.54976 7.755e-03
0.13950 1.55034 7.755e-03
0.14000 1.54487 7.755e-03
0.14050 1.53045 7.755e-03
0.14100 1.54473 7.755e-03
0.14150 1.55067 7.755e-03
0.14200 1.54567 7.755e-03
0.14250 1.56627 7.755e-03
0.14300 1.54264 7.755e-03
0.14350 1.55070 7.755e-03
0.14400 1.53639 7.755e-03
0.14450 1.54890 7.755e-03
0.14500 1.55640 7.755e-03
0.14550 1.55327 7.755e-03
0.14600 1.56506 7.755e-03
0.14650 1.55580 7.755e-03
0.14700 1.56409 7.755e-03
0.14750 1.56063 7.755e-03
0.14800 1.55193 7.755e-03
0.14850 1.54509 7.755e-03
0.14900 1.55773 7.755e-03
0.14950 1.55483 7.755e-03
0.15000 1.54868 7.755e-03
0.15050 1.54974 7.755e-03
0.15100 1.54564 7.755e-03
0.15150 1.54870 7.755e-03
0.15200 1.55437 7.755e-03
0.15250 1.55560 7.755e-03
0.15300 1.55381 7.755e-03
0.15350 1.54040 7.755e-03
0.15400 1.54349 7.755e-03
0.15450 1.53978 7.755e-03
0.15500 1.54463 7.755e-03
0.15550 1.53968 7.755e-03
0.15600 1.54910 7.755e-03
0.15650 1.55569 7.755e-03
0.15700 1.53854 7.755e-03
0.15750 1.56474 7.755e-03
0.15800 1.53858 7.755e-03
0.15850 1.56872 7.755e-03
0.15900 1.54815 7.755e-03
0.15950 1.56005 7.755e-03
0.16000 1.55221 7.755e-03
0.16050 1.55093 7.755e-03
0.16100 1.55304 7.755e-03
0.16150 1.54238 7.755e-03
0.16200 1.56008 7.755e-03
0.16250 1.54610 7.755e-03
0.16300 1.55216 7.755e-03
0.16350 1.54727 7.755e-03
0.16400 1.53925 7.755e-03
0.16450 1.55189 7.755e-03
0.16500 1.54501 7.755e-03
0.16550 1.55913 7.755e-03
0.16600 1.55934 7.755e-03
0.16650 1.56275 7.755e-03
0.16700 1.55554 7.755e-03
0.16750 1.54785 7.755e-03
0.16800 1.54028 7.755e-03
0.16850 1.53416 7.755e-03
0.16900 1.53563 7.755e-03
0.16950 1.54816 7.755e-03
0.17000 1.53986 7.755e-03
0.17050 1.55070 7.755e-03
0.17100 1.54249 7.755e-03
0.17150 1.54642 7.755e-03
0.17200 1.55058 7.755e-03
0.17250 1.53871 7.755e-03
0.17300 1.53577 7.755e-03
0.17350 1.54820 7.755e-03
0.17400 1.55012 7.755e-03
0.17450 1.54968 7.755e-03
0.17500 1.55103 7.755e-03
0.17550 1.54292 7.755e-03
0.17600 1.54042 7.755e-03
0.17650 1.55686 7.755e-03
0.17700 1.55506 7.755e-03
0.17750 1.56374 7.755e-03
0.17800 1.54999 7.755e-03
0.17850 1.54927 7.755e-03
0.17900 1.54737 7.755e-03
0.17950 1.55417 7.755e-03
0.18000 1.55494 7.755e-03
0.18050 1.54255 7.755e-03
0.18100 1.56131 7.755e-03
0.18150 1.55242 7.755e-03
0.18200 1.54840 7.755e-03
0.18250 1.55022 7.755e-03
0.18300 1.56272 7.755e-03
0.18350 1.54256 7.755e-03
0.18400 1.55276 7.755e-03
0.18450 1.55032 7.755e-03
0.18500 1.56264 7.755e-03
0.18550 1.55634 7.755e-03
0.18600 1.55693 7.755e-03
0.18650 1.54452 7.755e-03
0.18700 1.55425 7.755e-03
0.18750 1.55752 7.755e-03
0.18800 1.54450 7.755e-03
0.18850 1.56154 7.755e-03
0.18900 1.55597 7.755e-03
0.18950 1.55923 7.755e-03
0.19000 1.54190 7.755e-03
0.19050 1.55022 7.755e-03
0.19100 1.54885 7.755e-03
0.19150 1.55273 7.755e-03
0.19200 1.53906 7.755e-03
0.19250 1.55801 7.755e-03
0.19300 1.55065 7.755e-03
0.19350 1.55061 7.755e-03
0.19400 1.55380 7.755e-03
0.19450 1.55431 7.755e-03
0.19500 1.54889 7.755e-03
0.19550 1.55090 7.755e-03
0.19600 1.55105 7.755e-03
0.19650 1.56672 7.755e-03
0.19700 1.53399 7.755e-03
0.19750 1.55462 7.755e-03
0.19800 1.53982 7.755e-03
0.19850 1.55797 7.755e-03
0.19900 1.55361 7.755e-03
0.19950 1.55479 7.755e-03
0.20000 1.55024 7.755e-03
0.20050 1.54321 7.755e-03
0.20100 1.54743 7.755e-03
0.20150 1.54498 7.755e-03
0.20200 1.53855 7.755e-03
0.20250 1.55623 7.755e-03
0.20300 1.55154 7.755e-03
0.20350 1.54725 7.755e-03
0.20400 1.55621 7.755e-03
0.20450 1.54457 7.755e-03
0.20500 1.54898 7.755e-03
0.20550 1.54893 7.755e-03
0.20600 1.55010 7.755e-03
0.20650 1.54961 7.755e-03
0.20700 1.55534 7.755e-03
0.20750 1.54151 7.755e-03
0.20800 1.56490 7.755e-03
0.20850 1.55418 7.755e-03
0.20900 1.54284 7.755e-03
0.20950 1.55519 7.755e-03
0.21000 1.53612 7.755e-03
0.21050 1.56259 7.755e-03
0.21100 1.54950 7.755e-03
0.21150 1.56235 7.755e-03
0.21200 1.53911 7.755e-03
0.21250 1.55146 7.755e-03
0.21300 1.55217 7.755e-03
0.21350 1.56065 7.755e-03
0.21400 1.53445 7.755e-03
0.21450 1.55287 7.755e-03
0.21500 1.54967 7.755e-03
0.21550 1.54806 7.755e-03
0.21600 1.55445 7.755e-03
0.21650 1.53495 7.755e-03
0.21700 1.55584 7.755e-03
0.21750 1.54914 7.755e-03
0.21800 1.55708 7.755e-03
0.21850 1.54731 7.755e-03
0.21900 1.54999 7.755e-03
0.21950 1.55350 7.755e-03
0.22000 1.54847 7.755e-03
0.22050 1.54194 7.755e-03
0.22100 1.54725 7.755e-03
0.22150 1.55016 7.755e-03
0.22200 1.55177 7.755e-03
0.22250 1.55476 7.755e-03
0.22300 1.55389 7.755e-03
0.22350 1.52816 7.755e-03
0.22400 1.55041 7.755e-03
0.22450 1.54617 7.755e-03
0.22500 1.54925 7.755e-03
0.22550 1.54571 7.755e-03
0.22600 1.54099 7.755e-03
0.22650 1.56017 7.755e-03
0.22700 1.54368 7.755e-03
0.22750 1.56478 7.755e-03
0.22800 1.55320 7.755e-03
0.22850 1.55815 7.755e-03
0.22900 1.56245 7.755e-03
0.22950 1.54698 7.755e-03
0.23000 1.55669 7.755e-03
0.23050 1.54970 7.755e-03
0.23100 1.54677 7.755e-03
0.23150 1.55624 7.755e-03
0.23200 1.55660 7.755e-03
0.23250 1.54720 7.755e-03
0.23300 1.55381 7.755e-03
0.23350 1.55655 7.755e-03
0.23400 1.55836 7.755e-03
0.23450 1.54290 7.755e-03
0.23500 1.54810 7.755e-03
0.23550 1.55173 7.755e-03
0.23600 1.56594 7.755e-03
0.23650 1.55056 7.755e-03
0.23700 1.55451 7.755e-03
0.23750 1.54837 7.755e-03
0.23800 1.54882 7.755e-03
0.23850 1.55678 7.755e-03
0.23900 1.54856 7.755e-03
0.23950 1.54933 7.755e-03
0.24000 1.55185 7.755e-03
0.24050 1.55133 7.755e-03
0.24100 1.55273 7.755e-03
0.24150 1.54514 7.755e-03
0.24200 1.55089 7.755e-03
0.24250 1.55860 7.755e-03
0.24300 1.55613 7.755e-03
0.24350 1.55681 7.755e-03
0.24400 1.54139 7.755e-03
0.24450 1.54651 7.755e-03
0.24500 1.54860 7.755e-03
0.24550 1.54902 7.755e-03
0.24600 1.53993 7.755e-03
0.24650 1.55412 7.755e-03
0.24700 1.54401 7.755e-03
0.24750 1.54734 7.755e-03
0.24800 1.55804 7.755e-03
0.24850 1.56146 7.755e-03
0.24900 1.55103 7.755e-03
0.24950 1.55595 7.755e-03
0.25000 1.54761 7.755e-03
0.25050 1.54749 7.755e-03
0.25100 1.55757 7.755e-03
0.25150 1.55055 7.755e-03
0.25200 1.55245 7.755e-03
0.25250 1.56663 7.755e-03
0.25300 1.55386 7.755e-03
0.25350 1.55117 7.755e-03
0.25400 1.55518 7.755e-03
0.25450 1.54832 7.755e-03
0.25500 1.54351 7.755e-03
0.25550 1.54302 7.755e-03
0.25600 1.55674 7.755e-03
0.25650 1.54633 7.755e-03
0.25700 1.54193 7.755e-03
0.25750 1.53932 7.755e-03
0.25800 1.55765 7.755e-03
0.25850 1.55739 7.755e-03
0.25900 1.55373 7.755e-03
0.25950 1.54224 7.755e-03
0.26000 1.55377 7.755e-03
0.26050 1.54750 7.755e-03
0.26100 1.56173 7.755e-03
0.26150 1.54382 7.755e-03
0.26200 1.53649 7.755e-03
0.26250 1.53985 7.755e-03
0.26300 1.54206 7.755e-03
0.26350 1.54960 7.755e-03
0.26400 1.54921 7.755e-03
0.26450 1.55354 7.755e-03
0.26500 1.54955 7.755e-03
0.26550 1.55412 7.755e-03
0.26600 1.54826 7.755e-03
0.26650 1.54417 7.755e-03
0.26700 1.55304 7.755e-03
0.26750 1.56043 7.755e-03
0.26800 1.55122 7.755e-03
0.26850 1.54374 7.755e-03
0.26900 1.55390 7.755e-03
0.26950 1.54942 7.755e-03
0.27000 1.55832 7.755e-03
0.27050 1.55738 7.755e-03
0.27100 1.54657 7.755e-03
0.27150 1.54906 7.755e-03
0.27200 1.54148 7.755e-03
0.27250 1.55468 7.755e-03
0.27300 1.55550 7.755e-03
0.27350 1.54724 7.755e-03
0.27400 1.54773 7.755e-03
0.27450 1.55799 7.755e-03
0.27500 1.54771 7.755e-03
0.27550 1.55786 7.755e-03
0.27600 1.54221 7.755e-03
0.27650 1.54345 7.755e-03
0.27700 1.56362 7.755e-03
0.27750 1.55035 7.755e-03
0.27800 1.55108 7.755e-03
0.27850 1.55387 7.755e-03
0.27900 1.56353 7.755e-03
0.27950 1.56611 7.755e-03
0.28000 1.55355 7.755e-03
0.28050 1.54493 7.755e-03
0.28100 1.55769 7.755e-03
0.28150 1.54336 7.755e-03
0.28200 1.55542 7.755e-03
0.28250 1.54240 7.755e-03
0.28300 1.55250 7.755e-03
0.28350 1.55209 7.755e-03
0.28400 1.55989 7.755e-03
0.28450 1.55645 7.755e-03
0.28500 1.55705 7.755e-03
0.28550 1.53416 7.755e-03
0.28600 1.54724 7.755e-03
0.28650 1.54797 7.755e-03
0.28700 1.55208 7.755e-03
0.28750 1.55791 7.755e-03
0.28800 1.56439 7.755e-03
0.28850 1.54660 7.755e-03
0.28900 1.54504 7.755e-03
0.28950 1.54478 7.755e-03
0.29000 1.56082 7.755e-03
0.29050 1.55320 7.755e-03
0.29100 1.57437 7.755e-03
0.29150 1.55752 7.755e-03
0.29200 1.55142 7.755e-03
0.29250 1.54916 7.755e-03
0.29300 1.53786 7.755e-03
0.29350 1.54949 7.755e-03
0.29400 1.54735 7.755e-03
0.29450 1.53863 7.755e-03
0.29500 1.55531 7.755e-03
0.29550 1.56293 7.755e-03
0.29600 1.55819 7.755e-03
0.29650 1.55873 7.755e-03
0.29700 1.55145 7.755e-03
0.29750 1.54487 7.755e-03
0.29800 1.55340 7.755e-03
0.29850 1.55902 7.755e-03
0.29900 1.54835 7.755e-03
0.29950 1.53817 7.755e-03
0.30000 1.54503 7.755e-03
0.30050 1.54006 7.755e-03
0.30100 1.55136 7.755e-03
0.30150 1.55669 7.755e-03
0.30200 1.53845 7.755e-03
0.30250 1.54246 7.755e-03
0.30300 1.55260 7.755e-03
0.30350 1.56005 7.755e-03
0.30400 1.54869 7.755e-03
0.30450 1.54400 7.755e-03
0.30500 1.55495 7.755e-03
0.30550 1.55675 7.755e-03
0.30600 1.55161 7.755e-03
0.30650 1.56172 7.755e-03
0.30700 1.55769 7.755e-03
0.30750 1.54945 7.755e-03
0.30800 1.54896 7.755e-03
0.30850 1.54926 7.755e-03
0.30900 1.54390 7.755e-03
0.30950 1.55602 7.755e-03
0.31000 1.55400 7.755e-03
0.31050 1.55743 7.755e-03
0.31100 1.54093 7.755e-03
0.31150 1.53925 7.755e-03
0.31200 1.53971 7.755e-03
0.31250 1.54916 7.755e-03
0.31300 1.54212 7.755e-03
0.31350 1.54761 7.755e-03
0.31400 1.56084 7.755e-03
0.31450 1.55901 7.755e-03
0.31500 1.55713 7.755e-03
0.31550 1.54920 7.755e-03
0.31600 1.54822 7.755e-03
0.31650 1.55631 7.755e-03
0.31700 1.55778 7.755e-03
0.31750 1.54271 7.755e-03
0.31800 1.54833 7.755e-03
0.31850 1.56582 7.755e-03
0.31900 1.55782 7.755e-03
0.31950 1.56027 7.755e-03
0.32000 1.54849 7.755e-03
0.32050 1.54485 7.755e-03
0.32100 1.53541 7.755e-03
0.32150 1.54686 7.755e-03
0.32200 1.56202 7.755e-03
0.32250 1.55024 7.755e-03
0.32300 1.55205 7.755e-03
0.32350 1.55515 7.755e-03
0.32400 1.54544 7.755e-03
0.32450 1.54473 7.755e-03
0.32500 1.53569 7.755e-03
0.32550 1.54831 7.755e-03
0.32600 1.55779 7.755e-03
0.32650 1.55070 7.755e-03
0.32700 1.54757 7.755e-03
0.32750 1.55400 7.755e-03
0.32800 1.55671 7.755e-03
0.32850 1.52874 7.755e-03
0.32900 1.55209 7.755e-03
0.32950 1.55501 7.755e-03
0.33000 1.55230 7.755e-03
0.33050 1.54880 7.755e-03
0.33100 1.55572 7.755e-03
0.33150 1.55795 7.755e-03
0.33200 1.53378 7.755e-03
0.33250 1.55597 7.755e-03
0.33300 1.54953 7.755e-03
0.33350 1.54205 7.755e-03
0.33400 1.54546 7.755e-03
0.33450 1.54264 7.755e-03
0.33500 1.55231 7.755e-03
0.33550 1.55333 7.755e-03
0.33600 1.55331 7.755e-03
0.33650 1.55224 7.755e-03
0.33700 1.56409 7.755e-03
0.33750 1.55020 7.755e-03
0.33800 1.54674 7.755e-03
0.33850 1.55709 7.755e-03
0.33900 1.55219 7.755e-03
0.33950 1.54525 7.755e-03
0.34000 1.53923 7.755e-03
0.34050 1.54941 7.755e-03
0.34100 1.54823 7.755e-03
0.34150 1.55377 7.755e-03
0.34200 1.53734 7.755e-03
0.34250 1.56164 7.755e-03
0.34300 1.55828 7.755e-03
0.34350 1.55489 7.755e-03
0.34400 1.54502 7.755e-03
0.34450 1.53877 7.755e-03
0.34500 1.55179 7.755e-03
0.34550 1.55253 7.755e-03
0.34600 1.54375 7.755e-03
0.34650 1.55388 7.755e-03
0.34700 1.55301 7.755e-03
0.34750 1.54880 7.755e-03
0.34800 1.54736 7.755e-03
0.34850 1.54313 7.755e-03
0.34900 1.55606 7.755e-03
0.34950 1.54770 7.755e-03
0.35000 1.56029 7.755e-03
0.35050 1.55687 7.755e-03
0.35100 1.54671 7.755e-03
0.35150 1.55595 7.755e-03
0.35200 1.54518 7.755e-03
0.35250 1.55291 7.755e-03
0.35300 1.54374 7.755e-03
0.35350 1.56099 7.755e-03
0.35400 1.54765 7.755e-03
0.35450 1.54353 7.755e-03
0.35500 1.54984 7.755e-03
0.35550 1.55303 7.755e-03
0.35600 1.56009 7.755e-03
0.35650 1.55002 7.755e-03
0.35700 1.54967 7.755e-03
0.35750 1.55240 7.755e-03
0.35800 1.55924 7.755e-03
0.35850 1.57311 7.755e-03
0.35900 1.55470 7.755e-03
0.35950 1.56138 7.755e-03
0.36000 1.55241 7.755e-03
0.36050 1.53867 7.755e-03
0.36100 1.56109 7.755e-03
0.36150 1.55233 7.755e-03
0.36200 1.56134 7.755e-03
0.36250 1.53315 7.755e-03
0.36300 1.55155 7.755e-03
0.36350 1.55854 7.755e-03
0.36400 1.55099 7.755e-03
0.36450 1.56347 7.755e-03
0.36500 1.55009 7.755e-03
0.36550 1.55913 7.755e-03
0.36600 1.55457 7.755e-03
0.36650 1.55447 7.755e-03
0.36700 1.56381 7.755e-03
0.36750 1.54683 7.755e-03
0.36800 1.55025 7.755e-03
0.36850 1.54610 7.755e-03
0.36900 1.54345 7.755e-03
0.36950 1.54562 7.755e-03
0.37000 1.54598 7.755e-03
0.37050 1.54726 7.755e-03
0.37100 1.55494 7.755e-03
0.37150 1.55277 7.755e-03
0.37200 1.55482 7.755e-03
0.37250 1.54788 7.755e-03
0.37300 1.57122 7.755e-03
0.37350 1.54858 7.755e-03
0.37400 1.56366 7.755e-03
0.37450 1.55216 7.755e-03
0.37500 1.55523 7.755e-03
0.37550 1.54692 7.755e-03
0.37600 1.55575 7.755e-03
0.37650 1.56222 7.755e-03
0.37700 1.55366 7.755e-03
0.37750 1.56065 7.755e-03
0.37800 1.56574 7.755e-03
0.37850 1.55555 7.755e-03
0.37900 1.56002 7.755e-03
0.37950 1.54823 7.755e-03
0.38000 1.55535 7.755e-03
0.38050 1.55352 7.755e-03
0.38100 1.55586 7.755e-03
0.38150 1.55573 7.755e-03
0.38200 1.54206 7.755e-03
0.38250 1.54753 7.755e-03
0.38300 1.54358 7.755e-03
0.38350 1.53478 7.755e-03
0.38400 1.54936 7.755e-03
0.38450 1.55782 7.755e-03
0.38500 1.54921 7.755e-03
0.38550 1.54649 7.755e-03
0.38600 1.56525 7.755e-03
0.38650 1.54825 7.755e-03
0.38700 1.55878 7.755e-03
0.38750 1.53043 7.755e-03
0.38800 1.55281 7.755e-03
0.38850 1.54319 7.755e-03
0.38900 1.55509 7.755e-03
0.38950 1.55458 7.755e-03
0.39000 1.56995 7.755e-03
0.39050 1.53778 7.755e-03
0.39100 1.55863 7.755e-03
0.39150 1.55660 7.755e-03
0.39200 1.56354 7.755e-03
0.39250 1.54269 7.755e-03
0.39300 1.54723 7.755e-03
0.39350 1.55219 7.755e-03
0.39400 1.55040 7.755e-03
0.39450 1.55475 7.755e-03
0.39500 1.55926 7.755e-03
0.39550 1.56552 7.755e-03
0.39600 1.55647 7.755e-03
0.39650 1.55588 7.755e-03
0.39700 1.54900 7.755e-03
0.39750 1.54516 7.755e-03
0.39800 1.55185 7.755e-03
0.39850 1.55036 7.755e-03
0.39900 1.54207 7.755e-03
0.39950 1.54909 7.755e-03
0.40000 1.53779 7.755e-03
0.40050 1.54474 7.755e-03
0.40100 1.56232 7.755e-03
0.40150 1.55555 7.755e-03
0.40200 1.54864 7.755e-03
0.40250 1.54057 7.755e-03
0.40300 1.55123 7.755e-03
0.40350 1.54844 7.755e-03
0.40400 1.55695 7.755e-03
0.40450 1.55129 7.755e-03
0.40500 1.54235 7.755e-03
0.40550 1.56035 7.755e-03
0.40600 1.54820 7.755e-03
0.40650 1.55386 7.755e-03
0.40700 1.55872 7.755e-03
0.40750 1.55586 7.755e-03
0.40800 1.54433 7.755e-03
0.40850 1.54623 7.755e-03
0.40900 1.54885 7.755e-03
0.40950 1.55919 7.755e-03
0.41000 1.54254 7.755e-03
0.41050 1.54651 7.755e-03
0.41100 1.55194 7.755e-03
0.41150 1.55255 7.755e-03
0.41200 1.54597 7.755e-03
0.41250 1.56014 7.755e-03
0.41300 1.55764 7.755e-03
0.41350 1.55028 7.755e-03
0.41400 1.54076 7.755e-03
0.41450 1.55545 7.755e-03
0.41500 1.55629 7.755e-03
0.41550 1.55404 7.755e-03
0.41600 1.53994 7.755e-03
0.41650 1.55292 7.755e-03
0.41700 1.56823 7.755e-03
0.41750 1.54922 7.755e-03
0.41800 1.55846 7.755e-03
0.41850 1.53888 7.755e-03
0.41900 1.56275 7.755e-03
0.41950 1.55590 7.755e-03
0.42000 1.55064 7.755e-03
0.42050 1.55383 7.755e-03
0.42100 1.55358 7.755e-03
0.42150 1.54743 7.755e-03
0.42200 1.54812 7.755e-03
0.42250 1.55259 7.755e-03
0.42300 1.55029 7.755e-03
0.42350 1.54435 7.755e-03
0.42400 1.55349 7.755e-03
0.42450 1.54915 7.755e-03
0.42500 1.53889 7.755e-03
0.42550 1.55487 7.755e-03
0.42600 1.53584 7.755e-03
0.42650 1.55925 7.755e-03
0.42700 1.56434 7.755e-03
0.42750 1.55736 7.755e-03
0.42800 1.55316 7.755e-03
0.42850 1.53990 7.755e-03
0.42900 1.54633 7.755e-03
0.42950 1.55956 7.755e-03
0.43000 1.54278 7.755e-03
0.43050 1.54182 7.755e-03
0.43100 1.55397 7.755e-03
0.43150 1.54808 7.755e-03
0.43200 1.54536 7.755e-03
0.43250 1.54258 7.755e-03
0.43300 1.54284 7.755e-03
0.43350 1.54368 7.755e-03
0.43400 1.56343 7.755e-03
0.43450 1.54854 7.755e-03
0.43500 1.55360 7.755e-03
0.43550 1.55472 7.755e-03
0.43600 1.54677 7.755e-03
0.43650 1.56028 7.755e-03
0.43700 1.55912 7.755e-03
0.43750 1.53825 7.755e-03
0.43800 1.54727 7.755e-03
0.43850 1.54587 7.755e-03
0.43900 1.54276 7.755e-03
0.43950 1.52664 7.755e-03
0.44000 1.52983 7.755e-03
0.44050 1.54890 7.755e-03
0.44100 1.52744 7.755e-03
0.44150 1.52919 7.755e-03
0.44200 1.53086 7.755e-03
0.44250 1.53652 7.755e-03
0.44300 1.52722 7.755e-03
0.44350 1.53549 7.755e-03
0.44400 1.52958 7.755e-03
0.44450 1.51759 7.755e-03
0.44500 1.53252 7.755e-03
0.44550 1.52404 7.755e-03
0.44600 1.52347 7.755e-03
0.44650 1.51313 7.755e-03
0.44700 1.52678 7.755e-03
0.44750 1.51450 7.755e-03
0.44800 1.49724 7.755e-03
0.44850 1.50746 7.755e-03
0.44900 1.50778 7.755e-03
0.44950 1.51148 7.755e-03
0.45000 1.49651 7.755e-03
0.45050 1.51476 7.755e-03
0.45100 1.50085 7.755e-03
0.45150 1.51149 7.755e-03
0.45200 1.49523 7.755e-03
0.45250 1.47868 7.755e-03
0.45300 1.48393 7.755e-03
0.45350 1.48177 7.755e-03
0.45400 1.48487 7.755e-03
0.45450 1.48113 7.755e-03
0.45500 1.47775 7.755e-03
0.45550 1.47693 7.755e-03
0.45600 1.48245 7.755e-03
0.45650 1.47028 7.755e-03
0.45700 1.47889 7.755e-03
0.45750 1.47796 7.755e-03
0.45800 1.47359 7.755e-03
0.45850 1.44738 7.755e-03
0.45900 1.45605 7.755e-03
0.45950 1.46458 7.755e-03
0.46000 1.44820 7.755e-03
0.46050 1.45415 7.755e-03
0.46100 1.45303 7.755e-03
0.46150 1.45433 7.755e-03
0.46200 1.45638 7.755e-03
0.46250 1.44754 7.755e-03
0.46300 1.44630 7.755e-03
0.46350 1.44064 7.755e-03
0.46400 1.42910 7.755e-03
0.46450 1.42829 7.755e-03
0.46500 1.42215 7.755e-03
0.46550 1.41484 7.755e-03
0.46600 1.43891 7.755e-03
0.46650 1.39847 7.755e-03
0.46700 1.41515 7.755e-03
0.46750 1.41094 7.755e-03
0.46800 1.40829 7.755e-03
0.46850 1.40968 7.755e-03
0.46900 1.41297 7.755e-03
0.46950 1.42018 7.755e-03
0.47000 1.40293 7.755e-03
0.47050 1.38922 7.755e-03
0.47100 1.40412 7.755e-03
0.47150 1.40591 7.755e-03
0.47200 1.40078 7.755e-03
0.47250 1.38586 7.755e-03
0.47300 1.37563 7.755e-03
0.47350 1.40255 7.755e-03
0.47400 1.37061 7.755e-03
0.47450 1.38524 7.755e-03
0.47500 1.37326 7.755e-03
0.47550 1.36873 7.755e-03
0.47600 1.35514 7.755e-03
0.47650 1.36471 7.755e-03
0.47700 1.34819 7.755e-03
0.47750 1.36617 7.755e-03
0.47800 1.34187 7.755e-03
0.47850 1.35214 7.755e-03
0.47900 1.35630 7.755e-03
0.47950 1.34629 7.755e-03
0.48000 1.35212 7.755e-03
0.48050 1.32093 7.755e-03
0.48100 1.33359 7.755e-03
0.48150 1.33009 7.755e-03
0.48200 1.33350 7.755e-03
0.48250 1.32349 7.755e-03
0.48300 1.33346 7.755e-03
0.48350 1.33506 7.755e-03
0.48400 1.32720 7.755e-03
0.48450 1.32301 7.755e-03
0.48500 1.32712 7.755e-03
0.48550 1.32408 7.755e-03
0.48600 1.31889 7.755e-03
0.48650 1.32000 7.755e-03
0.48700 1.30317 7.755e-03
0.48750 1.31361 7.755e-03
0.48800 1.31329 7.755e-03
0.48850 1.30689 7.755e-03
0.48900 1.31424 7.755e-03
0.48950 1.30339 7.755e-03
0.49000 1.30843 7.755e-03
0.49050 1.32338 7.755e-03
0.49100 1.31202 7.755e-03
0.49150 1.32460 7.755e-03
0.49200 1.31446 7.755e-03
0.49250 1.32149 7.755e-03
0.49300 1.30891 7.755e-03
0.49350 1.33064 7.755e-03
0.49400 1.32189 7.755e-03
0.49450 1.33717 7.755e-03
0.49500 1.31686 7.755e-03
0.49550 1.33600 7.755e-03
0.49600 1.31789 7.755e-03
0.49650 1.31316 7.755e-03
0.49700 1.32501 7.755e-03
0.49750 1.30155 7.755e-03
0.49800 1.30436 7.755e-03
0.49850 1.30948 7.755e-03
0.49900 1.31626 7.755e-03
0.49950 1.31721 7.755e-03
0.50000 1.30205 7.755e-03
0.50050 1.31308 7.755e-03
0.50100 1.30082 7.755e-03
0.50150 1.30147 7.755e-03
0.50200 1.32493 7.755e-03
0.50250 1.31099 7.755e-03
0.50300 1.31627 7.755e-03
0.50350 1.29923 7.755e-03
0.50400 1.31689 7.755e-03
0.50450 1.31616 7.755e-03
0.50500 1.32560 7.755e-03
0.50550 1.30826 7.755e-03
0.50600 1.30585 7.755e-03
0.50650 1.31689 7.755e-03
0.50700 1.30456 7.755e-03
0.50750 1.31605 7.755e-03
0.50800 1.31957 7.755e-03
0.50850 1.31272 7.755e-03
0.50900 1.31461 7.755e-03
0.50950 1.31956 7.755e-03
0.51000 1.29466 7.755e-03
0.51050 1.30691 7.755e-03
0.51100 1.30594 7.755e-03
0.51150 1.30854 7.755e-03
0.51200 1.31411 7.755e-03
0.51250 1.30478 7.755e-03
0.51300 1.31330 7.755e-03
0.51350 1.31352 7.755e-03
0.51400 1.31945 7.755e-03
0.51450 1.30599 7.755e-03
0.51500 1.31245 7.755e-03
0.51550 1.32303 7.755e-03
0.51600 1.33138 7.755e-03
0.51650 1.33627 7.755e-03
0.51700 1.32142 7.755e-03
0.51750 1.32286 7.755e-03
0.51800 1.33851 7.755e-03
0.51850 1.33035 7.755e-03
0.51900 1.33374 7.755e-03
0.51950 1.33817 7.755e-03
0.52000 1.34413 7.755e-03
0.52050 1.33629 7.755e-03
0.52100 1.36301 7.755e-03
0.52150 1.35097 7.755e-03
0.52200 1.35069 7.755e-03
0.52250 1.35880 7.755e-03
0.52300 1.35593 7.755e-03
0.52350 1.35389 7.755e-03
0.52400 1.34991 7.755e-03
0.52450 1.37019 7.755e-03
0.52500 1.36712 7.755e-03
0.52550 1.36740 7.755e-03
0.52600 1.37593 7.755e-03
0.52650 1.38294 7.755e-03
0.52700 1.38331 7.755e-03
0.52750 1.39305 7.755e-03
0.52800 1.39353 7.755e-03
0.52850 1.38909 7.755e-03
0.52900 1.40176 7.755e-03
0.52950 1.38431 7.755e-03
0.53000 1.39878 7.755e-03
0.53050 1.41015 7.755e-03
0.53100 1.41109 7.755e-03
0.53150 1.41233 7.755e-03
0.53200 1.41072 7.755e-03
0.53250 1.41644 7.755e-03
0.53300 1.41597 7.755e-03
0.53350 1.42006 7.755e-03
0.53400 1.43162 7.755e-03
0.53450 1.42278 7.755e-03
0.53500 1.42047 7.755e-03
0.53550 1.43715 7.755e-03
0.53600 1.43378 7.755e-03
0.53650 1.43037 7.755e-03
0.53700 1.43065 7.755e-03
0.53750 1.44611 7.755e-03
0.53800 1.44352 7.755e-03
0.53850 1.44887 7.755e-03
0.53900 1.46147 7.755e-03
0.53950 1.45103 7.755e-03
0.54000 1.46690 7.755e-03
0.54050 1.47023 7.755e-03
0.54100 1.46578 7.755e-03
0.54150 1.46075 7.755e-03
0.54200 1.46340 7.755e-03
0.54250 1.47909 7.755e-03
0.54300 1.46368 7.755e-03
0.54350 1.46782 7.755e-03
0.54400 1.47389 7.755e-03
0.54450 1.48632 7.755e-03
0.54500 1.47084 7.755e-03
0.54550 1.49199 7.755e-03
0.54600 1.48565 7.755e-03
0.54650 1.48305 7.755e-03
0.54700 1.49085 7.755e-03
0.54750 1.48211 7.755e-03
0.54800 1.49033 7.755e-03
0.54850 1.50618 7.755e-03
0.54900 1.49785 7.755e-03
0.54950 1.50697 7.755e-03
0.55000 1.50399 7.755e-03
0.55050 1.50048 7.755e-03
0.55100 1.49921 7.755e-03
0.55150 1.51360 7.755e-03
0.55200 1.50308 7.755e-03
0.55250 1.51813 7.755e-03
0.55300 1.52844 7.755e-03
0.55350 1.52303 7.755e-03
0.55400 1.52989 7.755e-03
0.55450 1.51523 7.755e-03
0.55500 1.51994 7.755e-03
0.55550 1.52715 7.755e-03
0.55600 1.52131 7.755e-03
0.55650 1.52079 7.755e-03
0.55700 1.53974 7.755e-03
0.55750 1.53135 7.755e-03
0.55800 1.54849 7.755e-03
0.55850 1.53371 7.755e-03
0.55900 1.54814 7.755e-03
0.55950 1.55562 7.755e-03
0.56000 1.54685 7.755e-03
0.56050 1.53256 7.755e-03
0.56100 1.54561 7.755e-03
0.56150 1.52652 7.755e-03
0.56200 1.56335 7.755e-03
0.56250 1.53626 7.755e-03
0.56300 1.53804 7.755e-03
0.56350 1.54224 7.755e-03
0.56400 1.55771 7.755e-03
0.56450 1.56170 7.755e-03
0.56500 1.55858 7.755e-03
0.56550 1.55071 7.755e-03
0.56600 1.54465 7.755e-03
0.56650 1.54334 7.755e-03
0.56700 1.55119 7.755e-03
0.56750 1.56423 7.755e-03
0.56800 1.54733 7.755e-03
0.56850 1.55698 7.755e-03
0.56900 1.54351 7.755e-03
0.56950 1.54528 7.755e-03
0.57000 1.55971 7.755e-03
0.57050 1.55435 7.755e-03
0.57100 1.55259 7.755e-03
0.57150 1.53813 7.755e-03
0.57200 1.54560 7.755e-03
0.57250 1.55439 7.755e-03
0.57300 1.55892 7.755e-03
0.57350 1.55855 7.755e-03
0.57400 1.56236 7.755e-03
0.57450 1.55232 7.755e-03
0.57500 1.55470 7.755e-03
0.57550 1.55332 7.755e-03
0.57600 1.55241 7.755e-03
0.57650 1.54782 7.755e-03
0.57700 1.54991 7.755e-03
0.57750 1.55566 7.755e-03
0.57800 1.55774 7.755e-03
0.57850 1.54213 7.755e-03
0.57900 1.54107 7.755e-03
0.57950 1.56160 7.755e-03
0.58000 1.55783 7.755e-03
0.58050 1.54896 7.755e-03
0.58100 1.54972 7.755e-03
0.58150 1.54912 7.755e-03
0.58200 1.55378 7.755e-03
0.58250 1.56568 7.755e-03
0.58300 1.54281 7.755e-03
0.58350 1.55551 7.755e-03
0.58400 1.55436 7.755e-03
0.58450 1.54995 7.755e-03
0.58500 1.55413 7.755e-03
0.58550 1.56028 7.755e-03
0.58600 1.55783 7.755e-03
0.58650 1.55189 7.755e-03
0.58700 1.54802 7.755e-03
0.58750 1.55390 7.755e-03
0.58800 1.53982 7.755e-03
0.58850 1.54232 7.755e-03
0.58900 1.54413 7.755e-03
0.58950 1.55257 7.755e-03
0.59000 1.54671 7.755e-03
0.59050 1.55581 7.755e-03
0.59100 1.54976 7.755e-03
0.59150 1.54540 7.755e-03
0.59200 1.56129 7.755e-03
0.59250 1.55703 7.755e-03
0.59300 1.54950 7.755e-03
0.59350 1.53963 7.755e-03
0.59400 1.54951 7.755e-03
0.59450 1.56347 7.755e-03
0.59500 1.55639 7.755e-03
0.59550 1.54405 7.755e-03
0.59600 1.53829 7.755e-03
0.59650 1.55054 7.755e-03
0.59700 1.54068 7.755e-03
0.59750 1.55768 7.755e-03
0.59800 1.56068 7.755e-03
0.59850 1.55768 7.755e-03
0.59900 1.55946 7.755e-03
0.59950 1.54172 7.755e-03
0.60000 1.55628 7.755e-03
0.60050 1.55427 7.755e-03
0.60100 1.54848 7.755e-03
0.60150 1.54564 7.755e-03
0.60200 1.53928 7.755e-03
0.60250 1.54018 7.755e-03
0.60300 1.55335 7.755e-03
0.60350 1.56031 7.755e-03
0.60400 1.54688 7.755e-03
0.60450 1.56035 7.755e-03
0.60500 1.54863 7.755e-03
0.60550 1.55316 7.755e-03
0.60600 1.55199 7.755e-03
0.60650 1.55955 7.755e-03
0.60700 1.55361 7.755e-03
0.60750 1.55118 7.755e-03
0.60800 1.54691 7.755e-03
0.60850 1.54349 7.755e-03
0.60900 1.56228 7.755e-03
0.60950 1.55119 7.755e-03
0.61000 1.55428 7.755e-03
0.61050 1.55984 7.755e-03
0.61100 1.54390 7.755e-03
0.61150 1.56411 7.755e-03
0.61200 1.54229 7.755e-03
0.61250 1.55296 7.755e-03
0.61300 1.55251 7.755e-03
0.61350 1.55311 7.755e-03
0.61400 1.55166 7.755e-03
0.61450 1.54215 7.755e-03
0.61500 1.55400 7.755e-03
0.61550 1.56343 7.755e-03
0.61600 1.54282 7.755e-03
0.61650 1.55258 7.755e-03
0.61700 1.55378 7.755e-03
0.61750 1.56449 7.755e-03
0.61800 1.55106 7.755e-03
0.61850 1.55475 7.755e-03
0.61900 1.56865 7.755e-03
0.61950 1.55488 7.755e-03
0.62000 1.54197 7.755e-03
0.62050 1.54282 7.755e-03
0.62100 1.55778 7.755e-03
0.62150 1.54933 7.755e-03
0.62200 1.55728 7.755e-03
0.62250 1.55451 7.755e-03
0.62300 1.54836 7.755e-03
0.62350 1.55518 7.755e-03
0.62400 1.53736 7.755e-03
0.62450 1.54207 7.755e-03
0.62500 1.55278 7.755e-03
0.62550 1.54789 7.755e-03
0.62600 1.55131 7.755e-03
0.62650 1.55040 7.755e-03
0.62700 1.55043 7.755e-03
0.62750 1.54605 7.755e-03
0.62800 1.54953 7.755e-03
0.62850 1.55147 7.755e-03
0.62900 1.54237 7.755e-03
0.62950 1.54497 7.755e-03
0.63000 1.55076 7.755e-03
0.63050 1.56119 7.755e-03
0.63100 1.55080 7.755e-03
0.63150 1.54569 7.755e-03
0.63200 1.55480 7.755e-03
0.63250 1.56258 7.755e-03
0.63300 1.55487 7.755e-03
0.63350 1.54808 7.755e-03
0.63400 1.55907 7.755e-03
0.63450 1.54979 7.755e-03
0.63500 1.55030 7.755e-03
0.63550 1.56201 7.755e-03
0.63600 1.53669 7.755e-03
0.63650 1.55523 7.755e-03
0.63700 1.54769 7.755e-03
0.63750 1.55750 7.755e-03
0.63800 1.53993 7.755e-03
0.63850 1.55813 7.755e-03
0.63900 1.55223 7.755e-03
0.63950 1.54686 7.755e-03
0.64000 1.55443 7.755e-03
0.64050 1.55098 7.755e-03
0.64100 1.56147 7.755e-03
0.64150 1.55033 7.755e-03
0.64200 1.54478 7.755e-03
0.64250 1.54542 7.755e-03
0.64300 1.55739 7.755e-03
0.64350 1.54251 7.755e-03
0.64400 1.54083 7.755e-03
0.64450 1.54865 7.755e-03
0.64500 1.54986 7.755e-03
0.64550 1.55543 7.755e-03
0.64600 1.56221 7.755e-03
0.64650 1.55627 7.755e-03
0.64700 1.55813 7.755e-03
0.64750 1.54713 7.755e-03
0.64800 1.56055 7.755e-03
0.64850 1.56659 7.755e-03
0.64900 1.54637 7.755e-03
0.64950 1.54492 7.755e-03
0.65000 1.55603 7.755e-03
0.65050 1.54924 7.755e-03
0.65100 1.55406 7.755e-03
0.65150 1.54823 7.755e-03
0.65200 1.55740 7.755e-03
0.65250 1.54481 7.755e-03
0.65300 1.56381 7.755e-03
0.65350 1.55369 7.755e-03
0.65400 1.55517 7.755e-03
0.65450 1.55566 7.755e-03
0.65500 1.54192 7.755e-03
0.65550 1.55356 7.755e-03
0.65600 1.54509 7.755e-03
0.65650 1.55959 7.755e-03
0.65700 1.56349 7.755e-03
0.65750 1.55221 7.755e-03
0.65800 1.55630 7.755e-03
0.65850 1.54505 7.755e-03
0.65900 1.55631 7.755e-03
0.65950 1.54817 7.755e-03
0.66000 1.54859 7.755e-03
0.66050 1.53891 7.755e-03
0.66100 1.55682 7.755e-03
0.66150 1.54639 7.755e-03
0.66200 1.54920 7.755e-03
0.66250 1.55129 7.755e-03
0.66300 1.54326 7.755e-03
0.66350 1.55957 7.755e-03
0.66400 1.55092 7.755e-03
0.66450 1.55598 7.755e-03
0.66500 1.54724 7.755e-03
0.66550 1.55482 7.755e-03
0.66600 1.54462 7.755e-03
0.66650 1.54763 7.755e-03
0.66700 1.54720 7.755e-03
0.66750 1.55710 7.755e-03
0.66800 1.55330 7.755e-03
0.66850 1.54615 7.755e-03
0.66900 1.54182 7.755e-03
0.66950 1.55660 7.755e-03
0.67000 1.54906 7.755e-03
0.67050 1.55610 7.755e-03
0.67100 1.55513 7.755e-03
0.67150 1.55228 7.755e-03
0.67200 1.55746 7.755e-03
0.67250 1.56202 7.755e-03
0.67300 1.55108 7.755e-03
0.67350 1.54807 7.755e-03
0.67400 1.56218 7.755e-03
0.67450 1.54669 7.755e-03
0.67500 1.54848 7.755e-03
0.67550 1.53834 7.755e-03
0.67600 1.55226 7.755e-03
0.67650 1.54061 7.755e-03
0.67700 1.55221 7.755e-03
0.67750 1.53923 7.755e-03
0.67800 1.54671 7.755e-03
0.67850 1.56504 7.755e-03
0.67900 1.55518 7.755e-03
0.67950 1.55181 7.755e-03
0.68000 1.54947 7.755e-03
0.68050 1.54568 7.755e-03
0.68100 1.54833 7.755e-03
0.68150 1.54273 7.755e-03
0.68200 1.55555 7.755e-03
0.68250 1.55574 7.755e-03
0.68300 1.57042 7.755e-03
0.68350 1.56906 7.755e-03
0.68400 1.55749 7.755e-03
0.68450 1.55657 7.755e-03
0.68500 1.53782 7.755e-03
0.68550 1.54833 7.755e-03
0.68600 1.54910 7.755e-03
0.68650 1.55928 7.755e-03
0.68700 1.55373 7.755e-03
0.68750 1.55061 7.755e-03
0.68800 1.56474 7.755e-03
0.68850 1.54924 7.755e-03
0.68900 1.56570 7.755e-03
0.68950 1.55996 7.755e-03
0.69000 1.55643 7.755e-03
0.69050 1.54835 7.755e-03
0.69100 1.55993 7.755e-03
0.69150 1.55417 7.755e-03
0.69200 1.54940 7.755e-03
0.69250 1.54207 7.755e-03
0.69300 1.54542 7.755e-03
0.69350 1.56136 7.755e-03
0.69400 1.55318 7.755e-03
0.69450 1.55245 7.755e-03
0.69500 1.55147 7.755e-03
0.69550 1.55200 7.755e-03
0.69600 1.55572 7.755e-03
0.69650 1.54507 7.755e-03
0.69700 1.53629 7.755e-03
0.69750 1.56079 7.755e-03
0.69800 1.55121 7.755e-03
0.69850 1.54542 7.755e-03
0.69900 1.54528 7.755e-03
0.69950 1.55543 7.755e-03
0.70000 1.54297 7.755e-03
0.70050 1.55303 7.755e-03
0.70100 1.54225 7.755e-03
0.70150 1.54492 7.755e-03
0.70200 1.55980 7.755e-03
0.70250 1.54367 7.755e-03
0.70300 1.55918 7.755e-03
0.70350 1.55766 7.755e-03
0.70400 1.53291 7.755e-03
0.70450 1.55291 7.755e-03
0.70500 1.55457 7.755e-03
0.70550 1.55631 7.755e-03
0.70600 1.53458 7.755e-03
0.70650 1.56034 7.755e-03
0.70700 1.55246 7.755e-03
0.70750 1.55827 7.755e-03
0.70800 1.55727 7.755e-03
0.70850 1.54614 7.755e-03
0.70900 1.54616 7.755e-03
0.70950 1.55905 7.755e-03
0.71000 1.54970 7.755e-03
0.71050 1.54972 7.755e-03
0.71100 1.56241 7.755e-03
0.71150 1.55321 7.755e-03
0.71200 1.54636 7.755e-03
0.71250 1.56797 7.755e-03
0.71300 1.55121 7.755e-03
0.71350 1.56724 7.755e-03
0.71400 1.54436 7.755e-03
0.71450 1.55021 7.755e-03
0.71500 1.55155 7.755e-03
0.71550 1.56390 7.755e-03
0.71600 1.55363 7.755e-03
0.71650 1.56369 7.755e-03
0.71700 1.54413 7.755e-03
0.71750 1.55154 7.755e-03
0.71800 1.56295 7.755e-03
0.71850 1.55790 7.755e-03
0.71900 1.54241 7.755e-03
0.71950 1.54429 7.755e-03
0.72000 1.55198 7.755e-03
0.72050 1.54640 7.755e-03
0.72100 1.56134 7.755e-03
0.72150 1.53896 7.755e-03
0.72200 1.55095 7.755e-03
0.72250 1.57025 7.755e-03
0.72300 1.54803 7.755e-03
0.72350 1.54558 7.755e-03
0.72400 1.54664 7.755e-03
0.72450 1.53876 7.755e-03
0.72500 1.54839 7.755e-03
0.72550 1.55094 7.755e-03
0.72600 1.55835 7.755e-03
0.72650 1.54566 7.755e-03
0.72700 1.56276 7.755e-03
0.72750 1.54900 7.755e-03
0.72800 1.56757 7.755e-03
0.72850 1.56272 7.755e-03
0.72900 1.56028 7.755e-03
0.72950 1.54686 7.755e-03
0.73000 1.53985 7.755e-03
0.73050 1.55431 7.755e-03
0.73100 1.55053 7.755e-03
0.73150 1.53773 7.755e-03
0.73200 1.56283 7.755e-03
0.73250 1.54386 7.755e-03
0.73300 1.55062 7.755e-03
0.73350 1.54759 7.755e-03
0.73400 1.54000 7.755e-03
0.73450 1.55599 7.755e-03
0.73500 1.55147 7.755e-03
0.73550 1.54245 7.755e-03
0.73600 1.54885 7.755e-03
0.73650 1.55445 7.755e-03
0.73700 1.55718 7.755e-03
0.73750 1.53951 7.755e-03
0.73800 1.54699 7.755e-03
0.73850 1.56705 7.755e-03
0.73900 1.54669 7.755e-03
0.73950 1.55778 7.755e-03
0.74000 1.55778 7.755e-03
0.74050 1.56364 7.755e-03
0.74100 1.54878 7.755e-03
0.74150 1.55341 7.755e-03
0.74200 1.54635 7.755e-03
0.74250 1.53703 7.755e-03
0.74300 1.54084 7.755e-03
0.74350 1.55966 7.755e-03
0.74400 1.55459 7.755e-03
0.74450 1.55815 7.755e-03
0.74500 1.54688 7.755e-03
0.74550 1.53148 7.755e-03
0.74600 1.54225 7.755e-03
0.74650 1.55999 7.755e-03
0.74700 1.53830 7.755e-03
0.74750 1.54392 7.755e-03
0.74800 1.55518 7.755e-03
0.74850 1.56400 7.755e-03
0.74900 1.54453 7.755e-03
0.74950 1.54951 7.755e-03
0.75000 1.54335 7.755e-03
0.75050 1.55909 7.755e-03
0.75100 1.54898 7.755e-03
0.75150 1.55808 7.755e-03
0.75200 1.55026 7.755e-03
0.75250 1.54932 7.755e-03
0.75300 1.53037 7.755e-03
0.75350 1.56010 7.755e-03
0.75400 1.55327 7.755e-03
0.75450 1.55346 7.755e-03
0.75500 1.54137 7.755e-03
0.75550 1.55071 7.755e-03
0.75600 1.54149 7.755e-03
0.75650 1.54833 7.755e-03
0.75700 1.55423 7.755e-03
0.75750 1.54570 7.755e-03
0.75800 1.54823 7.755e-03
0.75850 1.55079 7.755e-03
0.75900 1.54278 7.755e-03
0.75950 1.56246 7.755e-03
0.76000 1.54616 7.755e-03
0.76050 1.54721 7.755e-03
0.76100 1.54465 7.755e-03
0.76150 1.55667 7.755e-03
0.76200 1.55565 7.755e-03
0.76250 1.53679 7.755e-03
0.76300 1.54552 7.755e-03
0.76350 1.54470 7.755e-03
0.76400 1.56106 7.755e-03
0.76450 1.55083 7.755e-03
0.76500 1.55191 7.755e-03
0.76550 1.54785 7.755e-03
0.76600 1.55483 7.755e-03
0.76650 1.54440 7.755e-03
0.76700 1.54691 7.755e-03
0.76750 1.55538 7.755e-03
0.76800 1.54834 7.755e-03
0.76850 1.55302 7.755e-03
0.76900 1.54357 7.755e-03
0.76950 1.54931 7.755e-03
0.77000 1.54922 7.755e-03
0.77050 1.55672 7.755e-03
0.77100 1.54924 7.755e-03
0.77150 1.54820 7.755e-03
0.77200 1.55340 7.755e-03
0.77250 1.56037 7.755e-03
0.77300 1.54659 7.755e-03
0.77350 1.54651 7.755e-03
0.77400 1.55968 7.755e-03
0.77450 1.55345 7.755e-03
0.77500 1.55058 7.755e-03
0.77550 1.55137 7.755e-03
0.77600 1.55536 7.755e-03
0.77650 1.55068 7.755e-03
0.77700 1.54127 7.755e-03
0.77750 1.55743 7.755e-03
0.77800 1.54668 7.755e-03
0.77850 1.54903 7.755e-03
0.77900 1.56687 7.755e-03
0.77950 1.54390 7.755e-03
0.78000 1.54974 7.755e-03
0.78050 1.55707 7.755e-03
0.78100 1.54340 7.755e-03
0.78150 1.54918 7.755e-03
0.78200 1.55664 7.755e-03
0.78250 1.54598 7.755e-03
0.78300 1.54261 7.755e-03
0.78350 1.55007 7.755e-03
0.78400 1.55616 7.755e-03
0.78450 1.54536 7.755e-03
0.78500 1.54513 7.755e-03
0.78550 1.53370 7.755e-03
0.78600 1.54581 7.755e-03
0.78650 1.56431 7.755e-03
0.78700 1.55366 7.755e-03
0.78750 1.53525 7.755e-03
0.78800 1.54543 7.755e-03
0.78850 1.55311 7.755e-03
0.78900 1.54574 7.755e-03
0.78950 1.55613 7.755e-03
0.79000 1.54849 7.755e-03
0.79050 1.55526 7.755e-03
0.79100 1.55651 7.755e-03
0.79150 1.55647 7.755e-03
0.79200 1.56719 7.755e-03
0.79250 1.55889 7.755e-03
0.79300 1.52535 7.755e-03
0.79350 1.54759 7.755e-03
0.79400 1.54464 7.755e-03
0.79450 1.55368 7.755e-03
0.79500 1.55201 7.755e-03
0.79550 1.54502 7.755e-03
0.79600 1.54554 7.755e-03
0.79650 1.54780 7.755e-03
0.79700 1.53432 7.755e-03
0.79750 1.53898 7.755e-03
0.79800 1.55297 7.755e-03
0.79850 1.55777 7.755e-03
0.79900 1.55172 7.755e-03
0.79950 1.55685 7.755e-03
0.80000 1.55146 7.755e-03
0.80050 1.55370 7.755e-03
0.80100 1.55340 7.755e-03
0.80150 1.54074 7.755e-03
0.80200 1.56030 7.755e-03
0.80250 1.55662 7.755e-03
0.80300 1.54382 7.755e-03
0.80350 1.56557 7.755e-03
0.80400 1.57464 7.755e-03
0.80450 1.54295 7.755e-03
0.80500 1.54991 7.755e-03
0.80550 1.54962 7.755e-03
0.80600 1.55772 7.755e-03
0.80650 1.55232 7.755e-03
0.80700 1.55454 7.755e-03
0.80750 1.55588 7.755e-03
0.80800 1.55286 7.755e-03
0.80850 1.54602 7.755e-03
0.80900 1.54498 7.755e-03
0.80950 1.54811 7.755e-03
0.81000 1.54592 7.755e-03
0.81050 1.54125 7.755e-03
0.81100 1.54628 7.755e-03
0.81150 1.54096 7.755e-03
0.81200 1.55554 7.755e-03
0.81250 1.57246 7.755e-03
0.81300 1.55485 7.755e-03
0.81350 1.55170 7.755e-03
0.81400 1.53416 7.755e-03
0.81450 1.55591 7.755e-03
0.81500 1.56397 7.755e-03
0.81550 1.54833 7.755e-03
0.81600 1.54830 7.755e-03
0.81650 1.55657 7.755e-03
0.81700 1.55284 7.755e-03
0.81750 1.54306 7.755e-03
0.81800 1.54526 7.755e-03
0.81850 1.54708 7.755e-03
0.81900 1.54026 7.755e-03
0.81950 1.55004 7.755e-03
0.82000 1.55238 7.755e-03
0.82050 1.55610 7.755e-03
0.82100 1.55321 7.755e-03
0.82150 1.54797 7.755e-03
0.82200 1.53979 7.755e-03
0.82250 1.56438 7.755e-03
0.82300 1.55330 7.755e-03
0.82350 1.54356 7.755e-03
0.82400 1.53360 7.755e-03
0.82450 1.55426 7.755e-03
0.82500 1.55786 7.755e-03
0.82550 1.55874 7.755e-03
0.82600 1.55439 7.755e-03
0.82650 1.54798 7.755e-03
0.82700 1.55394 7.755e-03
0.82750 1.54635 7.755e-03
0.82800 1.55395 7.755e-03
0.82850 1.55257 7.755e-03
0.82900 1.54498 7.755e-03
0.82950 1.54445 7.755e-03
0.83000 1.55911 7.755e-03
0.83050 1.54510 7.755e-03
0.83100 1.54712 7.755e-03
0.83150 1.55428 7.755e-03
0.83200 1.54041 7.755e-03
0.83250 1.55302 7.755e-03
0.83300 1.54443 7.755e-03
0.83350 1.54354 7.755e-03
0.83400 1.55870 7.755e-03
0.83450 1.55325 7.755e-03
0.83500 1.54586 7.755e-03
0.83550 1.56233 7.755e-03
0.83600 1.55964 7.755e-03
0.83650 1.56178 7.755e-03
0.83700 1.55786 7.755e-03
0.83750 1.55762 7.755e-03
0.83800 1.55231 7.755e-03
0.83850 1.54294 7.755e-03
0.83900 1.55160 7.755e-03
0.83950 1.54334 7.755e-03
0.84000 1.55931 7.755e-03
0.84050 1.54359 7.755e-03
0.84100 1.56029 7.755e-03
0.84150 1.55079 7.755e-03
0.84200 1.56938 7.755e-03
0.84250 1.56348 7.755e-03
0.84300 1.55895 7.755e-03
0.84350 1.55467 7.755e-03
0.84400 1.56292 7.755e-03
0.84450 1.56064 7.755e-03
0.84500 1.56185 7.755e-03
0.84550 1.55572 7.755e-03
0.84600 1.53554 7.755e-03
0.84650 1.55034 7.755e-03
0.84700 1.55263 7.755e-03
0.84750 1.54519 7.755e-03
0.84800 1.54775 7.755e-03
0.84850 1.53609 7.755e-03
0.84900 1.54020 7.755e-03
0.84950 1.57041 7.755e-03
0.85000 1.54736 7.755e-03
