# 
# This file contains a simulated light curve of a single orbit of a circular orbit,
# eclipsing binary. The three columns are orbital phase (changes by 1 over the orbit),
# flux, and uncertainty in flux.
# 
-0.15000 0.81177 4.067e-03
-0.14950 0.80642 4.067e-03
-0.14900 0.81744 4.067e-03
-0.14850 0.81204 4.067e-03
-0.14800 0.80842 4.067e-03
-0.14750 0.82011 4.067e-03
-0.14700 0.81209 4.067e-03
-0.14650 0.81403 4.067e-03
-0.14600 0.81733 4.067e-03
-0.14550 0.81101 4.067e-03
-0.14500 0.81353 4.067e-03
-0.14450 0.81154 4.067e-03
-0.14400 0.80715 4.067e-03
-0.14350 0.81277 4.067e-03
-0.14300 0.80837 4.067e-03
-0.14250 0.82360 4.067e-03
-0.14200 0.81276 4.067e-03
-0.14150 0.81278 4.067e-03
-0.14100 0.80407 4.067e-03
-0.14050 0.80941 4.067e-03
-0.14000 0.80998 4.067e-03
-0.13950 0.80693 4.067e-03
-0.13900 0.81221 4.067e-03
-0.13850 0.81089 4.067e-03
-0.13800 0.81334 4.067e-03
-0.13750 0.81897 4.067e-03
-0.13700 0.81280 4.067e-03
-0.13650 0.81695 4.067e-03
-0.13600 0.81450 4.067e-03
-0.13550 0.81609 4.067e-03
-0.13500 0.81221 4.067e-03
-0.13450 0.80992 4.067e-03
-0.13400 0.80877 4.067e-03
-0.13350 0.82360 4.067e-03
-0.13300 0.81537 4.067e-03
-0.13250 0.80067 4.067e-03
-0.13200 0.81623 4.067e-03
-0.13150 0.81260 4.067e-03
-0.13100 0.81517 4.067e-03
-0.13050 0.80946 4.067e-03
-0.13000 0.81006 4.067e-03
-0.12950 0.81576 4.067e-03
-0.12900 0.80881 4.067e-03
-0.12850 0.81067 4.067e-03
-0.12800 0.81018 4.067e-03
-0.12750 0.81241 4.067e-03
-0.12700 0.81768 4.067e-03
-0.12650 0.81584 4.067e-03
-0.12600 0.80912 4.067e-03
-0.12550 0.80727 4.067e-03
-0.12500 0.80804 4.067e-03
-0.12450 0.80689 4.067e-03
-0.12400 0.81375 4.067e-03
-0.12350 0.81849 4.067e-03
-0.12300 0.80820 4.067e-03
-0.12250 0.81795 4.067e-03
-0.12200 0.80623 4.067e-03
-0.12150 0.82256 4.067e-03
-0.12100 0.81338 4.067e-03
-0.12050 0.80359 4.067e-03
-0.12000 0.81411 4.067e-03
-0.11950 0.81237 4.067e-03
-0.11900 0.81635 4.067e-03
-0.11850 0.81010 4.067e-03
-0.11800 0.81435 4.067e-03
-0.11750 0.81296 4.067e-03
-0.11700 0.80728 4.067e-03
-0.11650 0.81463 4.067e-03
-0.11600 0.81298 4.067e-03
-0.11550 0.81407 4.067e-03
-0.11500 0.80914 4.067e-03
-0.11450 0.81443 4.067e-03
-0.11400 0.81352 4.067e-03
-0.11350 0.81219 4.067e-03
-0.11300 0.80688 4.067e-03
-0.11250 0.81287 4.067e-03
-0.11200 0.81003 4.067e-03
-0.11150 0.80984 4.067e-03
-0.11100 0.80567 4.067e-03
-0.11050 0.80587 4.067e-03
-0.11000 0.81686 4.067e-03
-0.10950 0.81200 4.067e-03
-0.10900 0.81814 4.067e-03
-0.10850 0.81299 4.067e-03
-0.10800 0.80813 4.067e-03
-0.10750 0.80870 4.067e-03
-0.10700 0.81292 4.067e-03
-0.10650 0.81369 4.067e-03
-0.10600 0.81211 4.067e-03
-0.10550 0.80933 4.067e-03
-0.10500 0.82128 4.067e-03
-0.10450 0.81254 4.067e-03
-0.10400 0.81002 4.067e-03
-0.10350 0.81364 4.067e-03
-0.10300 0.81062 4.067e-03
-0.10250 0.81661 4.067e-03
-0.10200 0.81477 4.067e-03
-0.10150 0.81614 4.067e-03
-0.10100 0.81210 4.067e-03
-0.10050 0.81321 4.067e-03
-0.10000 0.81258 4.067e-03
-0.09950 0.82343 4.067e-03
-0.09900 0.82048 4.067e-03
-0.09850 0.81235 4.067e-03
-0.09800 0.81587 4.067e-03
-0.09750 0.81258 4.067e-03
-0.09700 0.81046 4.067e-03
-0.09650 0.81019 4.067e-03
-0.09600 0.81229 4.067e-03
-0.09550 0.81079 4.067e-03
-0.09500 0.80224 4.067e-03
-0.09450 0.81174 4.067e-03
-0.09400 0.81362 4.067e-03
-0.09350 0.81405 4.067e-03
-0.09300 0.81961 4.067e-03
-0.09250 0.81528 4.067e-03
-0.09200 0.80603 4.067e-03
-0.09150 0.80914 4.067e-03
-0.09100 0.82103 4.067e-03
-0.09050 0.81605 4.067e-03
-0.09000 0.82251 4.067e-03
-0.08950 0.81054 4.067e-03
-0.08900 0.81067 4.067e-03
-0.08850 0.81427 4.067e-03
-0.08800 0.81052 4.067e-03
-0.08750 0.80879 4.067e-03
-0.08700 0.80927 4.067e-03
-0.08650 0.81266 4.067e-03
-0.08600 0.81741 4.067e-03
-0.08550 0.81863 4.067e-03
-0.08500 0.80992 4.067e-03
-0.08450 0.80914 4.067e-03
-0.08400 0.82296 4.067e-03
-0.08350 0.81075 4.067e-03
-0.08300 0.81754 4.067e-03
-0.08250 0.81520 4.067e-03
-0.08200 0.80829 4.067e-03
-0.08150 0.81497 4.067e-03
-0.08100 0.81393 4.067e-03
-0.08050 0.81340 4.067e-03
-0.08000 0.81272 4.067e-03
-0.07950 0.81472 4.067e-03
-0.07900 0.81690 4.067e-03
-0.07850 0.81304 4.067e-03
-0.07800 0.81879 4.067e-03
-0.07750 0.81685 4.067e-03
-0.07700 0.81241 4.067e-03
-0.07650 0.81887 4.067e-03
-0.07600 0.81465 4.067e-03
-0.07550 0.81339 4.067e-03
-0.07500 0.81777 4.067e-03
-0.07450 0.80992 4.067e-03
-0.07400 0.81424 4.067e-03
-0.07350 0.80705 4.067e-03
-0.07300 0.81809 4.067e-03
-0.07250 0.81206 4.067e-03
-0.07200 0.81779 4.067e-03
-0.07150 0.81755 4.067e-03
-0.07100 0.81340 4.067e-03
-0.07050 0.81459 4.067e-03
-0.07000 0.80893 4.067e-03
-0.06950 0.81341 4.067e-03
-0.06900 0.81517 4.067e-03
-0.06850 0.80952 4.067e-03
-0.06800 0.80892 4.067e-03
-0.06750 0.81474 4.067e-03
-0.06700 0.81691 4.067e-03
-0.06650 0.80943 4.067e-03
-0.06600 0.81786 4.067e-03
-0.06550 0.81945 4.067e-03
-0.06500 0.81321 4.067e-03
-0.06450 0.81284 4.067e-03
-0.06400 0.80859 4.067e-03
-0.06350 0.81375 4.067e-03
-0.06300 0.81612 4.067e-03
-0.06250 0.81375 4.067e-03
-0.06200 0.81014 4.067e-03
-0.06150 0.81119 4.067e-03
-0.06100 0.81183 4.067e-03
-0.06050 0.81962 4.067e-03
-0.06000 0.81144 4.067e-03
-0.05950 0.81249 4.067e-03
-0.05900 0.80779 4.067e-03
-0.05850 0.81808 4.067e-03
-0.05800 0.81770 4.067e-03
-0.05750 0.81412 4.067e-03
-0.05700 0.81084 4.067e-03
-0.05650 0.81122 4.067e-03
-0.05600 0.81494 4.067e-03
-0.05550 0.81365 4.067e-03
-0.05500 0.81147 4.067e-03
-0.05450 0.80749 4.067e-03
-0.05400 0.81647 4.067e-03
-0.05350 0.81499 4.067e-03
-0.05300 0.82247 4.067e-03
-0.05250 0.81302 4.067e-03
-0.05200 0.80636 4.067e-03
-0.05150 0.81420 4.067e-03
-0.05100 0.81144 4.067e-03
-0.05050 0.81401 4.067e-03
-0.05000 0.81481 4.067e-03
-0.04950 0.80988 4.067e-03
-0.04900 0.80291 4.067e-03
-0.04850 0.81690 4.067e-03
-0.04800 0.80146 4.067e-03
-0.04750 0.80263 4.067e-03
-0.04700 0.80342 4.067e-03
-0.04650 0.79257 4.067e-03
-0.04600 0.79835 4.067e-03
-0.04550 0.79629 4.067e-03
-0.04500 0.78602 4.067e-03
-0.04450 0.78641 4.067e-03
-0.04400 0.78565 4.067e-03
-0.04350 0.77929 4.067e-03
-0.04300 0.77827 4.067e-03
-0.04250 0.76510 4.067e-03
-0.04200 0.76811 4.067e-03
-0.04150 0.76503 4.067e-03
-0.04100 0.75185 4.067e-03
-0.04050 0.74884 4.067e-03
-0.04000 0.74236 4.067e-03
-0.03950 0.74305 4.067e-03
-0.03900 0.74362 4.067e-03
-0.03850 0.73064 4.067e-03
-0.03800 0.73188 4.067e-03
-0.03750 0.71110 4.067e-03
-0.03700 0.71555 4.067e-03
-0.03650 0.70272 4.067e-03
-0.03600 0.70576 4.067e-03
-0.03550 0.70284 4.067e-03
-0.03500 0.70519 4.067e-03
-0.03450 0.69014 4.067e-03
-0.03400 0.68049 4.067e-03
-0.03350 0.68253 4.067e-03
-0.03300 0.66416 4.067e-03
-0.03250 0.66685 4.067e-03
-0.03200 0.66335 4.067e-03
-0.03150 0.65120 4.067e-03
-0.03100 0.64684 4.067e-03
-0.03050 0.64301 4.067e-03
-0.03000 0.64622 4.067e-03
-0.02950 0.63275 4.067e-03
-0.02900 0.63298 4.067e-03
-0.02850 0.61889 4.067e-03
-0.02800 0.61542 4.067e-03
-0.02750 0.60889 4.067e-03
-0.02700 0.60046 4.067e-03
-0.02650 0.59666 4.067e-03
-0.02600 0.59022 4.067e-03
-0.02550 0.58605 4.067e-03
-0.02500 0.58525 4.067e-03
-0.02450 0.58086 4.067e-03
-0.02400 0.57184 4.067e-03
-0.02350 0.56247 4.067e-03
-0.02300 0.56473 4.067e-03
-0.02250 0.55281 4.067e-03
-0.02200 0.55617 4.067e-03
-0.02150 0.54475 4.067e-03
-0.02100 0.54722 4.067e-03
-0.02050 0.53588 4.067e-03
-0.02000 0.53818 4.067e-03
-0.01950 0.53102 4.067e-03
-0.01900 0.52870 4.067e-03
-0.01850 0.53252 4.067e-03
-0.01800 0.52819 4.067e-03
-0.01750 0.52586 4.067e-03
-0.01700 0.53205 4.067e-03
-0.01650 0.52674 4.067e-03
-0.01600 0.53275 4.067e-03
-0.01550 0.52680 4.067e-03
-0.01500 0.52397 4.067e-03
-0.01450 0.52641 4.067e-03
-0.01400 0.53526 4.067e-03
-0.01350 0.52640 4.067e-03
-0.01300 0.53245 4.067e-03
-0.01250 0.52646 4.067e-03
-0.01200 0.53282 4.067e-03
-0.01150 0.52817 4.067e-03
-0.01100 0.52678 4.067e-03
-0.01050 0.52658 4.067e-03
-0.01000 0.53149 4.067e-03
-0.00950 0.52533 4.067e-03
-0.00900 0.53541 4.067e-03
-0.00850 0.53028 4.067e-03
-0.00800 0.52932 4.067e-03
-0.00750 0.52827 4.067e-03
-0.00700 0.53054 4.067e-03
-0.00650 0.52752 4.067e-03
-0.00600 0.52544 4.067e-03
-0.00550 0.53847 4.067e-03
-0.00500 0.52737 4.067e-03
-0.00450 0.53872 4.067e-03
-0.00400 0.52306 4.067e-03
-0.00350 0.52623 4.067e-03
-0.00300 0.53033 4.067e-03
-0.00250 0.52941 4.067e-03
-0.00200 0.52764 4.067e-03
-0.00150 0.53618 4.067e-03
-0.00100 0.53656 4.067e-03
-0.00050 0.53234 4.067e-03
0.00000 0.53276 4.067e-03
0.00050 0.52761 4.067e-03
0.00100 0.53777 4.067e-03
0.00150 0.52929 4.067e-03
0.00200 0.52702 4.067e-03
0.00250 0.53325 4.067e-03
0.00300 0.52290 4.067e-03
0.00350 0.53105 4.067e-03
0.00400 0.52927 4.067e-03
0.00450 0.53186 4.067e-03
0.00500 0.53071 4.067e-03
0.00550 0.52955 4.067e-03
0.00600 0.53201 4.067e-03
0.00650 0.53350 4.067e-03
0.00700 0.52205 4.067e-03
0.00750 0.52667 4.067e-03
0.00800 0.52874 4.067e-03
0.00850 0.52535 4.067e-03
0.00900 0.52843 4.067e-03
0.00950 0.52695 4.067e-03
0.01000 0.53145 4.067e-03
0.01050 0.52771 4.067e-03
0.01100 0.52078 4.067e-03
0.01150 0.52199 4.067e-03
0.01200 0.52424 4.067e-03
0.01250 0.52684 4.067e-03
0.01300 0.52963 4.067e-03
0.01350 0.53408 4.067e-03
0.01400 0.52551 4.067e-03
0.01450 0.53039 4.067e-03
0.01500 0.52787 4.067e-03
0.01550 0.52465 4.067e-03
0.01600 0.52818 4.067e-03
0.01650 0.53145 4.067e-03
0.01700 0.52724 4.067e-03
0.01750 0.52236 4.067e-03
0.01800 0.53301 4.067e-03
0.01850 0.53760 4.067e-03
0.01900 0.53375 4.067e-03
0.01950 0.52980 4.067e-03
0.02000 0.54523 4.067e-03
0.02050 0.53952 4.067e-03
0.02100 0.55235 4.067e-03
0.02150 0.54586 4.067e-03
0.02200 0.55233 4.067e-03
0.02250 0.55609 4.067e-03
0.02300 0.56405 4.067e-03
0.02350 0.56564 4.067e-03
0.02400 0.57511 4.067e-03
0.02450 0.57391 4.067e-03
0.02500 0.57815 4.067e-03
0.02550 0.59264 4.067e-03
0.02600 0.59224 4.067e-03
0.02650 0.60093 4.067e-03
0.02700 0.60286 4.067e-03
0.02750 0.61172 4.067e-03
0.02800 0.61735 4.067e-03
0.02850 0.62305 4.067e-03
0.02900 0.62438 4.067e-03
0.02950 0.63160 4.067e-03
0.03000 0.63873 4.067e-03
0.03050 0.64838 4.067e-03
0.03100 0.65318 4.067e-03
0.03150 0.65856 4.067e-03
0.03200 0.64929 4.067e-03
0.03250 0.66647 4.067e-03
0.03300 0.67528 4.067e-03
0.03350 0.67357 4.067e-03
0.03400 0.68337 4.067e-03
0.03450 0.68523 4.067e-03
0.03500 0.69400 4.067e-03
0.03550 0.70679 4.067e-03
0.03600 0.71077 4.067e-03
0.03650 0.71555 4.067e-03
0.03700 0.71332 4.067e-03
0.03750 0.72462 4.067e-03
0.03800 0.72963 4.067e-03
0.03850 0.72758 4.067e-03
0.03900 0.74254 4.067e-03
0.03950 0.74669 4.067e-03
0.04000 0.74592 4.067e-03
0.04050 0.74943 4.067e-03
0.04100 0.75563 4.067e-03
0.04150 0.76322 4.067e-03
0.04200 0.76611 4.067e-03
0.04250 0.76784 4.067e-03
0.04300 0.77163 4.067e-03
0.04350 0.77404 4.067e-03
0.04400 0.78693 4.067e-03
0.04450 0.78023 4.067e-03
0.04500 0.78564 4.067e-03
0.04550 0.79725 4.067e-03
0.04600 0.79658 4.067e-03
0.04650 0.80437 4.067e-03
0.04700 0.79792 4.067e-03
0.04750 0.80650 4.067e-03
0.04800 0.80373 4.067e-03
0.04850 0.81024 4.067e-03
0.04900 0.81156 4.067e-03
0.04950 0.81546 4.067e-03
0.05000 0.81212 4.067e-03
0.05050 0.80604 4.067e-03
0.05100 0.81453 4.067e-03
0.05150 0.82033 4.067e-03
0.05200 0.81065 4.067e-03
0.05250 0.81303 4.067e-03
0.05300 0.80786 4.067e-03
0.05350 0.81611 4.067e-03
0.05400 0.81545 4.067e-03
0.05450 0.80824 4.067e-03
0.05500 0.80814 4.067e-03
0.05550 0.81475 4.067e-03
0.05600 0.81440 4.067e-03
0.05650 0.80897 4.067e-03
0.05700 0.81285 4.067e-03
0.05750 0.81421 4.067e-03
0.05800 0.81571 4.067e-03
0.05850 0.81491 4.067e-03
0.05900 0.81930 4.067e-03
0.05950 0.81232 4.067e-03
0.06000 0.80552 4.067e-03
0.06050 0.81519 4.067e-03
0.06100 0.81608 4.067e-03
0.06150 0.81234 4.067e-03
0.06200 0.81494 4.067e-03
0.06250 0.81255 4.067e-03
0.06300 0.80762 4.067e-03
0.06350 0.80989 4.067e-03
0.06400 0.81991 4.067e-03
0.06450 0.82120 4.067e-03
0.06500 0.81398 4.067e-03
0.06550 0.81760 4.067e-03
0.06600 0.80790 4.067e-03
0.06650 0.80547 4.067e-03
0.06700 0.81676 4.067e-03
0.06750 0.81574 4.067e-03
0.06800 0.80955 4.067e-03
0.06850 0.81284 4.067e-03
0.06900 0.80439 4.067e-03
0.06950 0.81058 4.067e-03
0.07000 0.80735 4.067e-03
0.07050 0.81335 4.067e-03
0.07100 0.80982 4.067e-03
0.07150 0.81803 4.067e-03
0.07200 0.81585 4.067e-03
0.07250 0.81949 4.067e-03
0.07300 0.81765 4.067e-03
0.07350 0.81138 4.067e-03
0.07400 0.81876 4.067e-03
0.07450 0.81863 4.067e-03
0.07500 0.81782 4.067e-03
0.07550 0.81522 4.067e-03
0.07600 0.81079 4.067e-03
0.07650 0.81251 4.067e-03
0.07700 0.81432 4.067e-03
0.07750 0.81189 4.067e-03
0.07800 0.81627 4.067e-03
0.07850 0.80806 4.067e-03
0.07900 0.81867 4.067e-03
0.07950 0.81302 4.067e-03
0.08000 0.80848 4.067e-03
0.08050 0.81138 4.067e-03
0.08100 0.81030 4.067e-03
0.08150 0.81241 4.067e-03
0.08200 0.82151 4.067e-03
0.08250 0.81283 4.067e-03
0.08300 0.82075 4.067e-03
0.08350 0.81404 4.067e-03
0.08400 0.80860 4.067e-03
0.08450 0.81858 4.067e-03
0.08500 0.80999 4.067e-03
0.08550 0.81534 4.067e-03
0.08600 0.80820 4.067e-03
0.08650 0.81941 4.067e-03
0.08700 0.81417 4.067e-03
0.08750 0.81292 4.067e-03
0.08800 0.81895 4.067e-03
0.08850 0.80867 4.067e-03
0.08900 0.80899 4.067e-03
0.08950 0.80784 4.067e-03
0.09000 0.81449 4.067e-03
0.09050 0.81190 4.067e-03
0.09100 0.81416 4.067e-03
0.09150 0.81196 4.067e-03
0.09200 0.80936 4.067e-03
0.09250 0.81388 4.067e-03
0.09300 0.81766 4.067e-03
0.09350 0.81343 4.067e-03
0.09400 0.81620 4.067e-03
0.09450 0.81677 4.067e-03
0.09500 0.81497 4.067e-03
0.09550 0.81793 4.067e-03
0.09600 0.81223 4.067e-03
0.09650 0.81172 4.067e-03
0.09700 0.81397 4.067e-03
0.09750 0.81504 4.067e-03
0.09800 0.81824 4.067e-03
0.09850 0.81850 4.067e-03
0.09900 0.80923 4.067e-03
0.09950 0.81168 4.067e-03
0.10000 0.81398 4.067e-03
0.10050 0.81509 4.067e-03
0.10100 0.81282 4.067e-03
0.10150 0.80844 4.067e-03
0.10200 0.81034 4.067e-03
0.10250 0.80774 4.067e-03
0.10300 0.81233 4.067e-03
0.10350 0.81092 4.067e-03
0.10400 0.81660 4.067e-03
0.10450 0.81194 4.067e-03
0.10500 0.81098 4.067e-03
0.10550 0.81791 4.067e-03
0.10600 0.80981 4.067e-03
0.10650 0.81079 4.067e-03
0.10700 0.81880 4.067e-03
0.10750 0.81622 4.067e-03
0.10800 0.81391 4.067e-03
0.10850 0.81821 4.067e-03
0.10900 0.81146 4.067e-03
0.10950 0.81802 4.067e-03
0.11000 0.81527 4.067e-03
0.11050 0.81372 4.067e-03
0.11100 0.81717 4.067e-03
0.11150 0.81277 4.067e-03
0.11200 0.81393 4.067e-03
0.11250 0.80937 4.067e-03
0.11300 0.81881 4.067e-03
0.11350 0.80630 4.067e-03
0.11400 0.81972 4.067e-03
0.11450 0.81431 4.067e-03
0.11500 0.81563 4.067e-03
0.11550 0.82115 4.067e-03
0.11600 0.81383 4.067e-03
0.11650 0.81264 4.067e-03
0.11700 0.80435 4.067e-03
0.11750 0.81670 4.067e-03
0.11800 0.81794 4.067e-03
0.11850 0.81261 4.067e-03
0.11900 0.81286 4.067e-03
0.11950 0.81478 4.067e-03
0.12000 0.81090 4.067e-03
0.12050 0.80769 4.067e-03
0.12100 0.81532 4.067e-03
0.12150 0.80934 4.067e-03
0.12200 0.81609 4.067e-03
0.12250 0.81618 4.067e-03
0.12300 0.80676 4.067e-03
0.12350 0.81470 4.067e-03
0.12400 0.80810 4.067e-03
0.12450 0.80839 4.067e-03
0.12500 0.81192 4.067e-03
0.12550 0.81152 4.067e-03
0.12600 0.81912 4.067e-03
0.12650 0.81091 4.067e-03
0.12700 0.80929 4.067e-03
0.12750 0.81631 4.067e-03
0.12800 0.81012 4.067e-03
0.12850 0.81005 4.067e-03
0.12900 0.81257 4.067e-03
0.12950 0.81670 4.067e-03
0.13000 0.80756 4.067e-03
0.13050 0.81177 4.067e-03
0.13100 0.81648 4.067e-03
0.13150 0.81252 4.067e-03
0.13200 0.81130 4.067e-03
0.13250 0.81185 4.067e-03
0.13300 0.81859 4.067e-03
0.13350 0.81693 4.067e-03
0.13400 0.81801 4.067e-03
0.13450 0.81001 4.067e-03
0.13500 0.81056 4.067e-03
0.13550 0.81329 4.067e-03
0.13600 0.81369 4.067e-03
0.13650 0.80997 4.067e-03
0.13700 0.81537 4.067e-03
0.13750 0.81179 4.067e-03
0.13800 0.80607 4.067e-03
0.13850 0.81316 4.067e-03
0.13900 0.81596 4.067e-03
0.13950 0.81250 4.067e-03
0.14000 0.80909 4.067e-03
0.14050 0.80794 4.067e-03
0.14100 0.81419 4.067e-03
0.14150 0.81510 4.067e-03
0.14200 0.81920 4.067e-03
0.14250 0.81225 4.067e-03
0.14300 0.80917 4.067e-03
0.14350 0.80704 4.067e-03
0.14400 0.81087 4.067e-03
0.14450 0.82416 4.067e-03
0.14500 0.81200 4.067e-03
0.14550 0.80913 4.067e-03
0.14600 0.81718 4.067e-03
0.14650 0.81644 4.067e-03
0.14700 0.80322 4.067e-03
0.14750 0.81443 4.067e-03
0.14800 0.81800 4.067e-03
0.14850 0.80891 4.067e-03
0.14900 0.81620 4.067e-03
0.14950 0.81591 4.067e-03
0.15000 0.81198 4.067e-03
0.15050 0.81031 4.067e-03
0.15100 0.81315 4.067e-03
0.15150 0.80914 4.067e-03
0.15200 0.81111 4.067e-03
0.15250 0.81150 4.067e-03
0.15300 0.80634 4.067e-03
0.15350 0.81651 4.067e-03
0.15400 0.81458 4.067e-03
0.15450 0.81571 4.067e-03
0.15500 0.81095 4.067e-03
0.15550 0.81642 4.067e-03
0.15600 0.81387 4.067e-03
0.15650 0.81617 4.067e-03
0.15700 0.80485 4.067e-03
0.15750 0.81422 4.067e-03
0.15800 0.80873 4.067e-03
0.15850 0.81116 4.067e-03
0.15900 0.81106 4.067e-03
0.15950 0.81637 4.067e-03
0.16000 0.81966 4.067e-03
0.16050 0.81810 4.067e-03
0.16100 0.81249 4.067e-03
0.16150 0.81578 4.067e-03
0.16200 0.81066 4.067e-03
0.16250 0.81514 4.067e-03
0.16300 0.81387 4.067e-03
0.16350 0.82048 4.067e-03
0.16400 0.82175 4.067e-03
0.16450 0.81437 4.067e-03
0.16500 0.81606 4.067e-03
0.16550 0.81303 4.067e-03
0.16600 0.81456 4.067e-03
0.16650 0.81792 4.067e-03
0.16700 0.81055 4.067e-03
0.16750 0.81470 4.067e-03
0.16800 0.80873 4.067e-03
0.16850 0.80970 4.067e-03
0.16900 0.81832 4.067e-03
0.16950 0.81122 4.067e-03
0.17000 0.81225 4.067e-03
0.17050 0.80891 4.067e-03
0.17100 0.81714 4.067e-03
0.17150 0.81108 4.067e-03
0.17200 0.81537 4.067e-03
0.17250 0.81400 4.067e-03
0.17300 0.81074 4.067e-03
0.17350 0.81024 4.067e-03
0.17400 0.81694 4.067e-03
0.17450 0.81526 4.067e-03
0.17500 0.81457 4.067e-03
0.17550 0.81391 4.067e-03
0.17600 0.81827 4.067e-03
0.17650 0.81131 4.067e-03
0.17700 0.81701 4.067e-03
0.17750 0.81602 4.067e-03
0.17800 0.81637 4.067e-03
0.17850 0.80932 4.067e-03
0.17900 0.81179 4.067e-03
0.17950 0.81394 4.067e-03
0.18000 0.80966 4.067e-03
0.18050 0.81122 4.067e-03
0.18100 0.80963 4.067e-03
0.18150 0.81499 4.067e-03
0.18200 0.81596 4.067e-03
0.18250 0.81700 4.067e-03
0.18300 0.81213 4.067e-03
0.18350 0.81717 4.067e-03
0.18400 0.81526 4.067e-03
0.18450 0.80778 4.067e-03
0.18500 0.80588 4.067e-03
0.18550 0.80931 4.067e-03
0.18600 0.81346 4.067e-03
0.18650 0.81718 4.067e-03
0.18700 0.80575 4.067e-03
0.18750 0.80830 4.067e-03
0.18800 0.80605 4.067e-03
0.18850 0.81606 4.067e-03
0.18900 0.81525 4.067e-03
0.18950 0.81898 4.067e-03
0.19000 0.80750 4.067e-03
0.19050 0.81513 4.067e-03
0.19100 0.80639 4.067e-03
0.19150 0.81714 4.067e-03
0.19200 0.81789 4.067e-03
0.19250 0.80447 4.067e-03
0.19300 0.81266 4.067e-03
0.19350 0.80669 4.067e-03
0.19400 0.81384 4.067e-03
0.19450 0.81582 4.067e-03
0.19500 0.81004 4.067e-03
0.19550 0.81422 4.067e-03
0.19600 0.80855 4.067e-03
0.19650 0.80795 4.067e-03
0.19700 0.81789 4.067e-03
0.19750 0.81608 4.067e-03
0.19800 0.81699 4.067e-03
0.19850 0.80942 4.067e-03
0.19900 0.81419 4.067e-03
0.19950 0.81809 4.067e-03
0.20000 0.81451 4.067e-03
0.20050 0.81461 4.067e-03
0.20100 0.81086 4.067e-03
0.20150 0.81362 4.067e-03
0.20200 0.81648 4.067e-03
0.20250 0.81043 4.067e-03
0.20300 0.81782 4.067e-03
0.20350 0.81941 4.067e-03
0.20400 0.81332 4.067e-03
0.20450 0.80959 4.067e-03
0.20500 0.81108 4.067e-03
0.20550 0.81531 4.067e-03
0.20600 0.81389 4.067e-03
0.20650 0.81802 4.067e-03
0.20700 0.82078 4.067e-03
0.20750 0.80999 4.067e-03
0.20800 0.81393 4.067e-03
0.20850 0.80767 4.067e-03
0.20900 0.81662 4.067e-03
0.20950 0.82132 4.067e-03
0.21000 0.81399 4.067e-03
0.21050 0.81340 4.067e-03
0.21100 0.81276 4.067e-03
0.21150 0.81492 4.067e-03
0.21200 0.80859 4.067e-03
0.21250 0.81348 4.067e-03
0.21300 0.81560 4.067e-03
0.21350 0.82264 4.067e-03
0.21400 0.80944 4.067e-03
0.21450 0.82182 4.067e-03
0.21500 0.81994 4.067e-03
0.21550 0.80879 4.067e-03
0.21600 0.80808 4.067e-03
0.21650 0.80598 4.067e-03
0.21700 0.81664 4.067e-03
0.21750 0.81420 4.067e-03
0.21800 0.81919 4.067e-03
0.21850 0.81623 4.067e-03
0.21900 0.81052 4.067e-03
0.21950 0.80986 4.067e-03
0.22000 0.81088 4.067e-03
0.22050 0.81503 4.067e-03
0.22100 0.80556 4.067e-03
0.22150 0.81647 4.067e-03
0.22200 0.81475 4.067e-03
0.22250 0.81208 4.067e-03
0.22300 0.81135 4.067e-03
0.22350 0.81291 4.067e-03
0.22400 0.81468 4.067e-03
0.22450 0.81176 4.067e-03
0.22500 0.81691 4.067e-03
0.22550 0.81177 4.067e-03
0.22600 0.81774 4.067e-03
0.22650 0.81007 4.067e-03
0.22700 0.81170 4.067e-03
0.22750 0.81796 4.067e-03
0.22800 0.81207 4.067e-03
0.22850 0.80891 4.067e-03
0.22900 0.81284 4.067e-03
0.22950 0.81151 4.067e-03
0.23000 0.82077 4.067e-03
0.23050 0.81240 4.067e-03
0.23100 0.81441 4.067e-03
0.23150 0.81977 4.067e-03
0.23200 0.81909 4.067e-03
0.23250 0.80463 4.067e-03
0.23300 0.81936 4.067e-03
0.23350 0.81712 4.067e-03
0.23400 0.81634 4.067e-03
0.23450 0.80480 4.067e-03
0.23500 0.81632 4.067e-03
0.23550 0.80958 4.067e-03
0.23600 0.81652 4.067e-03
0.23650 0.81108 4.067e-03
0.23700 0.80398 4.067e-03
0.23750 0.81156 4.067e-03
0.23800 0.81511 4.067e-03
0.23850 0.81576 4.067e-03
0.23900 0.81310 4.067e-03
0.23950 0.82144 4.067e-03
0.24000 0.81379 4.067e-03
0.24050 0.80725 4.067e-03
0.24100 0.81285 4.067e-03
0.24150 0.81376 4.067e-03
0.24200 0.81175 4.067e-03
0.24250 0.81294 4.067e-03
0.24300 0.81772 4.067e-03
0.24350 0.81616 4.067e-03
0.24400 0.81125 4.067e-03
0.24450 0.81763 4.067e-03
0.24500 0.81891 4.067e-03
0.24550 0.80997 4.067e-03
0.24600 0.81447 4.067e-03
0.24650 0.81608 4.067e-03
0.24700 0.81250 4.067e-03
0.24750 0.81609 4.067e-03
0.24800 0.80849 4.067e-03
0.24850 0.80851 4.067e-03
0.24900 0.81064 4.067e-03
0.24950 0.80724 4.067e-03
0.25000 0.81840 4.067e-03
0.25050 0.80709 4.067e-03
0.25100 0.81040 4.067e-03
0.25150 0.81413 4.067e-03
0.25200 0.80641 4.067e-03
0.25250 0.81637 4.067e-03
0.25300 0.80687 4.067e-03
0.25350 0.80852 4.067e-03
0.25400 0.81098 4.067e-03
0.25450 0.81008 4.067e-03
0.25500 0.81013 4.067e-03
0.25550 0.81945 4.067e-03
0.25600 0.81888 4.067e-03
0.25650 0.81215 4.067e-03
0.25700 0.81192 4.067e-03
0.25750 0.81141 4.067e-03
0.25800 0.80991 4.067e-03
0.25850 0.80746 4.067e-03
0.25900 0.80650 4.067e-03
0.25950 0.81450 4.067e-03
0.26000 0.81441 4.067e-03
0.26050 0.81867 4.067e-03
0.26100 0.81480 4.067e-03
0.26150 0.81823 4.067e-03
0.26200 0.81282 4.067e-03
0.26250 0.81348 4.067e-03
0.26300 0.81425 4.067e-03
0.26350 0.81207 4.067e-03
0.26400 0.80749 4.067e-03
0.26450 0.80854 4.067e-03
0.26500 0.81556 4.067e-03
0.26550 0.81352 4.067e-03
0.26600 0.80967 4.067e-03
0.26650 0.82182 4.067e-03
0.26700 0.81613 4.067e-03
0.26750 0.82081 4.067e-03
0.26800 0.81173 4.067e-03
0.26850 0.81966 4.067e-03
0.26900 0.81464 4.067e-03
0.26950 0.81169 4.067e-03
0.27000 0.81596 4.067e-03
0.27050 0.81994 4.067e-03
0.27100 0.81495 4.067e-03
0.27150 0.81281 4.067e-03
0.27200 0.81598 4.067e-03
0.27250 0.81052 4.067e-03
0.27300 0.81306 4.067e-03
0.27350 0.81389 4.067e-03
0.27400 0.81852 4.067e-03
0.27450 0.81625 4.067e-03
0.27500 0.81413 4.067e-03
0.27550 0.81286 4.067e-03
0.27600 0.81939 4.067e-03
0.27650 0.81294 4.067e-03
0.27700 0.81556 4.067e-03
0.27750 0.80798 4.067e-03
0.27800 0.81640 4.067e-03
0.27850 0.80993 4.067e-03
0.27900 0.81594 4.067e-03
0.27950 0.81288 4.067e-03
0.28000 0.81478 4.067e-03
0.28050 0.80826 4.067e-03
0.28100 0.80831 4.067e-03
0.28150 0.81544 4.067e-03
0.28200 0.81338 4.067e-03
0.28250 0.80834 4.067e-03
0.28300 0.81283 4.067e-03
0.28350 0.81494 4.067e-03
0.28400 0.81362 4.067e-03
0.28450 0.81318 4.067e-03
0.28500 0.81203 4.067e-03
0.28550 0.81505 4.067e-03
0.28600 0.81253 4.067e-03
0.28650 0.81326 4.067e-03
0.28700 0.80916 4.067e-03
0.28750 0.81108 4.067e-03
0.28800 0.80460 4.067e-03
0.28850 0.82002 4.067e-03
0.28900 0.80932 4.067e-03
0.28950 0.80666 4.067e-03
0.29000 0.81737 4.067e-03
0.29050 0.81567 4.067e-03
0.29100 0.81001 4.067e-03
0.29150 0.82144 4.067e-03
0.29200 0.81238 4.067e-03
0.29250 0.81494 4.067e-03
0.29300 0.80800 4.067e-03
0.29350 0.81136 4.067e-03
0.29400 0.81400 4.067e-03
0.29450 0.80968 4.067e-03
0.29500 0.81000 4.067e-03
0.29550 0.81536 4.067e-03
0.29600 0.80764 4.067e-03
0.29650 0.81842 4.067e-03
0.29700 0.81189 4.067e-03
0.29750 0.81304 4.067e-03
0.29800 0.81952 4.067e-03
0.29850 0.81232 4.067e-03
0.29900 0.81180 4.067e-03
0.29950 0.82478 4.067e-03
0.30000 0.80825 4.067e-03
0.30050 0.80802 4.067e-03
0.30100 0.81181 4.067e-03
0.30150 0.80729 4.067e-03
0.30200 0.80984 4.067e-03
0.30250 0.81762 4.067e-03
0.30300 0.81798 4.067e-03
0.30350 0.81606 4.067e-03
0.30400 0.81606 4.067e-03
0.30450 0.81039 4.067e-03
0.30500 0.80770 4.067e-03
0.30550 0.81339 4.067e-03
0.30600 0.81520 4.067e-03
0.30650 0.80834 4.067e-03
0.30700 0.81214 4.067e-03
0.30750 0.82013 4.067e-03
0.30800 0.80866 4.067e-03
0.30850 0.81707 4.067e-03
0.30900 0.81131 4.067e-03
0.30950 0.81586 4.067e-03
0.31000 0.81013 4.067e-03
0.31050 0.81644 4.067e-03
0.31100 0.81309 4.067e-03
0.31150 0.81320 4.067e-03
0.31200 0.80860 4.067e-03
0.31250 0.81911 4.067e-03
0.31300 0.80783 4.067e-03
0.31350 0.81459 4.067e-03
0.31400 0.81770 4.067e-03
0.31450 0.80522 4.067e-03
0.31500 0.81604 4.067e-03
0.31550 0.81251 4.067e-03
0.31600 0.81695 4.067e-03
0.31650 0.81108 4.067e-03
0.31700 0.81359 4.067e-03
0.31750 0.81340 4.067e-03
0.31800 0.81118 4.067e-03
0.31850 0.81457 4.067e-03
0.31900 0.81651 4.067e-03
0.31950 0.81590 4.067e-03
0.32000 0.81440 4.067e-03
0.32050 0.80809 4.067e-03
0.32100 0.81368 4.067e-03
0.32150 0.81090 4.067e-03
0.32200 0.80399 4.067e-03
0.32250 0.81736 4.067e-03
0.32300 0.81144 4.067e-03
0.32350 0.81018 4.067e-03
0.32400 0.80710 4.067e-03
0.32450 0.81467 4.067e-03
0.32500 0.81270 4.067e-03
0.32550 0.82223 4.067e-03
0.32600 0.80777 4.067e-03
0.32650 0.81680 4.067e-03
0.32700 0.81342 4.067e-03
0.32750 0.81243 4.067e-03
0.32800 0.81504 4.067e-03
0.32850 0.81263 4.067e-03
0.32900 0.81110 4.067e-03
0.32950 0.81523 4.067e-03
0.33000 0.81524 4.067e-03
0.33050 0.81412 4.067e-03
0.33100 0.81430 4.067e-03
0.33150 0.80703 4.067e-03
0.33200 0.81268 4.067e-03
0.33250 0.81409 4.067e-03
0.33300 0.80926 4.067e-03
0.33350 0.81569 4.067e-03
0.33400 0.80837 4.067e-03
0.33450 0.81622 4.067e-03
0.33500 0.81235 4.067e-03
0.33550 0.81530 4.067e-03
0.33600 0.81366 4.067e-03
0.33650 0.81815 4.067e-03
0.33700 0.80965 4.067e-03
0.33750 0.82246 4.067e-03
0.33800 0.81167 4.067e-03
0.33850 0.81471 4.067e-03
0.33900 0.82283 4.067e-03
0.33950 0.81219 4.067e-03
0.34000 0.82078 4.067e-03
0.34050 0.81141 4.067e-03
0.34100 0.81173 4.067e-03
0.34150 0.81091 4.067e-03
0.34200 0.80624 4.067e-03
0.34250 0.80910 4.067e-03
0.34300 0.81407 4.067e-03
0.34350 0.81362 4.067e-03
0.34400 0.81331 4.067e-03
0.34450 0.80685 4.067e-03
0.34500 0.81791 4.067e-03
0.34550 0.81153 4.067e-03
0.34600 0.81759 4.067e-03
0.34650 0.80831 4.067e-03
0.34700 0.81405 4.067e-03
0.34750 0.81398 4.067e-03
0.34800 0.81537 4.067e-03
0.34850 0.82071 4.067e-03
0.34900 0.81506 4.067e-03
0.34950 0.81389 4.067e-03
0.35000 0.80745 4.067e-03
0.35050 0.81338 4.067e-03
0.35100 0.81197 4.067e-03
0.35150 0.80789 4.067e-03
0.35200 0.81812 4.067e-03
0.35250 0.81136 4.067e-03
0.35300 0.81573 4.067e-03
0.35350 0.81472 4.067e-03
0.35400 0.81729 4.067e-03
0.35450 0.81370 4.067e-03
0.35500 0.81574 4.067e-03
0.35550 0.81194 4.067e-03
0.35600 0.80827 4.067e-03
0.35650 0.81668 4.067e-03
0.35700 0.81552 4.067e-03
0.35750 0.81471 4.067e-03
0.35800 0.80918 4.067e-03
0.35850 0.81704 4.067e-03
0.35900 0.80886 4.067e-03
0.35950 0.81743 4.067e-03
0.36000 0.81282 4.067e-03
0.36050 0.81422 4.067e-03
0.36100 0.80872 4.067e-03
0.36150 0.81492 4.067e-03
0.36200 0.81138 4.067e-03
0.36250 0.81055 4.067e-03
0.36300 0.80966 4.067e-03
0.36350 0.81514 4.067e-03
0.36400 0.81280 4.067e-03
0.36450 0.80774 4.067e-03
0.36500 0.81444 4.067e-03
0.36550 0.80952 4.067e-03
0.36600 0.80712 4.067e-03
0.36650 0.81198 4.067e-03
0.36700 0.81538 4.067e-03
0.36750 0.82110 4.067e-03
0.36800 0.81339 4.067e-03
0.36850 0.80485 4.067e-03
0.36900 0.80691 4.067e-03
0.36950 0.81314 4.067e-03
0.37000 0.81065 4.067e-03
0.37050 0.81526 4.067e-03
0.37100 0.81837 4.067e-03
0.37150 0.81293 4.067e-03
0.37200 0.81628 4.067e-03
0.37250 0.81976 4.067e-03
0.37300 0.81415 4.067e-03
0.37350 0.81498 4.067e-03
0.37400 0.80595 4.067e-03
0.37450 0.81459 4.067e-03
0.37500 0.81082 4.067e-03
0.37550 0.81229 4.067e-03
0.37600 0.81868 4.067e-03
0.37650 0.81658 4.067e-03
0.37700 0.81193 4.067e-03
0.37750 0.80690 4.067e-03
0.37800 0.81796 4.067e-03
0.37850 0.81701 4.067e-03
0.37900 0.81726 4.067e-03
0.37950 0.82012 4.067e-03
0.38000 0.81488 4.067e-03
0.38050 0.81717 4.067e-03
0.38100 0.81087 4.067e-03
0.38150 0.80872 4.067e-03
0.38200 0.81967 4.067e-03
0.38250 0.80120 4.067e-03
0.38300 0.81258 4.067e-03
0.38350 0.81462 4.067e-03
0.38400 0.81899 4.067e-03
0.38450 0.81007 4.067e-03
0.38500 0.81225 4.067e-03
0.38550 0.81389 4.067e-03
0.38600 0.81539 4.067e-03
0.38650 0.81581 4.067e-03
0.38700 0.81612 4.067e-03
0.38750 0.81075 4.067e-03
0.38800 0.81175 4.067e-03
0.38850 0.81517 4.067e-03
0.38900 0.81709 4.067e-03
0.38950 0.81469 4.067e-03
0.39000 0.81958 4.067e-03
0.39050 0.80686 4.067e-03
0.39100 0.82020 4.067e-03
0.39150 0.80493 4.067e-03
0.39200 0.81764 4.067e-03
0.39250 0.81112 4.067e-03
0.39300 0.81532 4.067e-03
0.39350 0.80961 4.067e-03
0.39400 0.80774 4.067e-03
0.39450 0.81120 4.067e-03
0.39500 0.81530 4.067e-03
0.39550 0.80898 4.067e-03
0.39600 0.81225 4.067e-03
0.39650 0.81077 4.067e-03
0.39700 0.81324 4.067e-03
0.39750 0.81730 4.067e-03
0.39800 0.81153 4.067e-03
0.39850 0.81645 4.067e-03
0.39900 0.80785 4.067e-03
0.39950 0.80699 4.067e-03
0.40000 0.81523 4.067e-03
0.40050 0.81174 4.067e-03
0.40100 0.82168 4.067e-03
0.40150 0.81514 4.067e-03
0.40200 0.80975 4.067e-03
0.40250 0.80951 4.067e-03
0.40300 0.80757 4.067e-03
0.40350 0.81173 4.067e-03
0.40400 0.81269 4.067e-03
0.40450 0.81453 4.067e-03
0.40500 0.81333 4.067e-03
0.40550 0.81188 4.067e-03
0.40600 0.81110 4.067e-03
0.40650 0.81582 4.067e-03
0.40700 0.81151 4.067e-03
0.40750 0.81194 4.067e-03
0.40800 0.82106 4.067e-03
0.40850 0.81334 4.067e-03
0.40900 0.81546 4.067e-03
0.40950 0.81182 4.067e-03
0.41000 0.81703 4.067e-03
0.41050 0.81738 4.067e-03
0.41100 0.80951 4.067e-03
0.41150 0.81984 4.067e-03
0.41200 0.81442 4.067e-03
0.41250 0.81115 4.067e-03
0.41300 0.81056 4.067e-03
0.41350 0.82124 4.067e-03
0.41400 0.82026 4.067e-03
0.41450 0.81079 4.067e-03
0.41500 0.81702 4.067e-03
0.41550 0.80948 4.067e-03
0.41600 0.80951 4.067e-03
0.41650 0.81635 4.067e-03
0.41700 0.81225 4.067e-03
0.41750 0.81719 4.067e-03
0.41800 0.81174 4.067e-03
0.41850 0.81410 4.067e-03
0.41900 0.81246 4.067e-03
0.41950 0.81575 4.067e-03
0.42000 0.81474 4.067e-03
0.42050 0.81276 4.067e-03
0.42100 0.81340 4.067e-03
0.42150 0.82076 4.067e-03
0.42200 0.81675 4.067e-03
0.42250 0.81361 4.067e-03
0.42300 0.81382 4.067e-03
0.42350 0.81132 4.067e-03
0.42400 0.80137 4.067e-03
0.42450 0.81405 4.067e-03
0.42500 0.81486 4.067e-03
0.42550 0.81034 4.067e-03
0.42600 0.80948 4.067e-03
0.42650 0.81696 4.067e-03
0.42700 0.82186 4.067e-03
0.42750 0.81806 4.067e-03
0.42800 0.81324 4.067e-03
0.42850 0.81361 4.067e-03
0.42900 0.81868 4.067e-03
0.42950 0.81606 4.067e-03
0.43000 0.81146 4.067e-03
0.43050 0.81393 4.067e-03
0.43100 0.81099 4.067e-03
0.43150 0.81122 4.067e-03
0.43200 0.81500 4.067e-03
0.43250 0.81209 4.067e-03
0.43300 0.80493 4.067e-03
0.43350 0.81462 4.067e-03
0.43400 0.81836 4.067e-03
0.43450 0.80711 4.067e-03
0.43500 0.81302 4.067e-03
0.43550 0.81086 4.067e-03
0.43600 0.81534 4.067e-03
0.43650 0.81448 4.067e-03
0.43700 0.81080 4.067e-03
0.43750 0.81646 4.067e-03
0.43800 0.81229 4.067e-03
0.43850 0.80987 4.067e-03
0.43900 0.81970 4.067e-03
0.43950 0.81593 4.067e-03
0.44000 0.82177 4.067e-03
0.44050 0.81953 4.067e-03
0.44100 0.80923 4.067e-03
0.44150 0.81229 4.067e-03
0.44200 0.81129 4.067e-03
0.44250 0.81101 4.067e-03
0.44300 0.82401 4.067e-03
0.44350 0.81038 4.067e-03
0.44400 0.81486 4.067e-03
0.44450 0.81191 4.067e-03
0.44500 0.81398 4.067e-03
0.44550 0.81624 4.067e-03
0.44600 0.80751 4.067e-03
0.44650 0.81334 4.067e-03
0.44700 0.81206 4.067e-03
0.44750 0.81575 4.067e-03
0.44800 0.81305 4.067e-03
0.44850 0.81412 4.067e-03
0.44900 0.80761 4.067e-03
0.44950 0.82124 4.067e-03
0.45000 0.81102 4.067e-03
0.45050 0.81338 4.067e-03
0.45100 0.81392 4.067e-03
0.45150 0.81239 4.067e-03
0.45200 0.80868 4.067e-03
0.45250 0.80613 4.067e-03
0.45300 0.80522 4.067e-03
0.45350 0.80930 4.067e-03
0.45400 0.80521 4.067e-03
0.45450 0.80882 4.067e-03
0.45500 0.80813 4.067e-03
0.45550 0.80478 4.067e-03
0.45600 0.80156 4.067e-03
0.45650 0.79930 4.067e-03
0.45700 0.79479 4.067e-03
0.45750 0.80112 4.067e-03
0.45800 0.79771 4.067e-03
0.45850 0.79601 4.067e-03
0.45900 0.79412 4.067e-03
0.45950 0.79369 4.067e-03
0.46000 0.79357 4.067e-03
0.46050 0.79212 4.067e-03
0.46100 0.78762 4.067e-03
0.46150 0.77880 4.067e-03
0.46200 0.77468 4.067e-03
0.46250 0.77472 4.067e-03
0.46300 0.77534 4.067e-03
0.46350 0.77450 4.067e-03
0.46400 0.76545 4.067e-03
0.46450 0.76770 4.067e-03
0.46500 0.77076 4.067e-03
0.46550 0.76984 4.067e-03
0.46600 0.76552 4.067e-03
0.46650 0.77225 4.067e-03
0.46700 0.76827 4.067e-03
0.46750 0.75806 4.067e-03
0.46800 0.76014 4.067e-03
0.46850 0.75001 4.067e-03
0.46900 0.74936 4.067e-03
0.46950 0.75241 4.067e-03
0.47000 0.74717 4.067e-03
0.47050 0.74418 4.067e-03
0.47100 0.74400 4.067e-03
0.47150 0.74248 4.067e-03
0.47200 0.74233 4.067e-03
0.47250 0.74318 4.067e-03
0.47300 0.74061 4.067e-03
0.47350 0.73834 4.067e-03
0.47400 0.73732 4.067e-03
0.47450 0.72956 4.067e-03
0.47500 0.73052 4.067e-03
0.47550 0.72981 4.067e-03
0.47600 0.72183 4.067e-03
0.47650 0.72383 4.067e-03
0.47700 0.72231 4.067e-03
0.47750 0.71613 4.067e-03
0.47800 0.72222 4.067e-03
0.47850 0.72024 4.067e-03
0.47900 0.72095 4.067e-03
0.47950 0.71018 4.067e-03
0.48000 0.71385 4.067e-03
0.48050 0.71446 4.067e-03
0.48100 0.71639 4.067e-03
0.48150 0.71123 4.067e-03
0.48200 0.70422 4.067e-03
0.48250 0.71936 4.067e-03
0.48300 0.70619 4.067e-03
0.48350 0.70669 4.067e-03
0.48400 0.70960 4.067e-03
0.48450 0.71007 4.067e-03
0.48500 0.71584 4.067e-03
0.48550 0.71389 4.067e-03
0.48600 0.70396 4.067e-03
0.48650 0.71619 4.067e-03
0.48700 0.71256 4.067e-03
0.48750 0.71474 4.067e-03
0.48800 0.71614 4.067e-03
0.48850 0.71121 4.067e-03
0.48900 0.71527 4.067e-03
0.48950 0.71209 4.067e-03
0.49000 0.70286 4.067e-03
0.49050 0.71125 4.067e-03
0.49100 0.71366 4.067e-03
0.49150 0.70626 4.067e-03
0.49200 0.71135 4.067e-03
0.49250 0.70341 4.067e-03
0.49300 0.71372 4.067e-03
0.49350 0.71777 4.067e-03
0.49400 0.70568 4.067e-03
0.49450 0.71164 4.067e-03
0.49500 0.71178 4.067e-03
0.49550 0.71919 4.067e-03
0.49600 0.71257 4.067e-03
0.49650 0.71281 4.067e-03
0.49700 0.70775 4.067e-03
0.49750 0.71067 4.067e-03
0.49800 0.70918 4.067e-03
0.49850 0.71101 4.067e-03
0.49900 0.71176 4.067e-03
0.49950 0.70641 4.067e-03
0.50000 0.71719 4.067e-03
0.50050 0.71933 4.067e-03
0.50100 0.71002 4.067e-03
0.50150 0.71330 4.067e-03
0.50200 0.70900 4.067e-03
0.50250 0.70544 4.067e-03
0.50300 0.71393 4.067e-03
0.50350 0.70096 4.067e-03
0.50400 0.70975 4.067e-03
0.50450 0.70724 4.067e-03
0.50500 0.71376 4.067e-03
0.50550 0.71120 4.067e-03
0.50600 0.70894 4.067e-03
0.50650 0.71019 4.067e-03
0.50700 0.71734 4.067e-03
0.50750 0.70416 4.067e-03
0.50800 0.71056 4.067e-03
0.50850 0.70854 4.067e-03
0.50900 0.71346 4.067e-03
0.50950 0.71253 4.067e-03
0.51000 0.71036 4.067e-03
0.51050 0.71664 4.067e-03
0.51100 0.70939 4.067e-03
0.51150 0.71884 4.067e-03
0.51200 0.71107 4.067e-03
0.51250 0.70545 4.067e-03
0.51300 0.70908 4.067e-03
0.51350 0.71340 4.067e-03
0.51400 0.71343 4.067e-03
0.51450 0.71177 4.067e-03
0.51500 0.70653 4.067e-03
0.51550 0.70950 4.067e-03
0.51600 0.71225 4.067e-03
0.51650 0.71088 4.067e-03
0.51700 0.71551 4.067e-03
0.51750 0.70660 4.067e-03
0.51800 0.71749 4.067e-03
0.51850 0.71453 4.067e-03
0.51900 0.71823 4.067e-03
0.51950 0.71295 4.067e-03
0.52000 0.72032 4.067e-03
0.52050 0.70961 4.067e-03
0.52100 0.71601 4.067e-03
0.52150 0.71892 4.067e-03
0.52200 0.71081 4.067e-03
0.52250 0.72881 4.067e-03
0.52300 0.72365 4.067e-03
0.52350 0.73513 4.067e-03
0.52400 0.73748 4.067e-03
0.52450 0.73208 4.067e-03
0.52500 0.72921 4.067e-03
0.52550 0.73051 4.067e-03
0.52600 0.72994 4.067e-03
0.52650 0.73411 4.067e-03
0.52700 0.73722 4.067e-03
0.52750 0.73474 4.067e-03
0.52800 0.74045 4.067e-03
0.52850 0.75283 4.067e-03
0.52900 0.74784 4.067e-03
0.52950 0.74500 4.067e-03
0.53000 0.74694 4.067e-03
0.53050 0.75419 4.067e-03
0.53100 0.74875 4.067e-03
0.53150 0.75791 4.067e-03
0.53200 0.75201 4.067e-03
0.53250 0.76441 4.067e-03
0.53300 0.76364 4.067e-03
0.53350 0.76681 4.067e-03
0.53400 0.76672 4.067e-03
0.53450 0.76970 4.067e-03
0.53500 0.76808 4.067e-03
0.53550 0.76521 4.067e-03
0.53600 0.77267 4.067e-03
0.53650 0.78354 4.067e-03
0.53700 0.77821 4.067e-03
0.53750 0.78418 4.067e-03
0.53800 0.79009 4.067e-03
0.53850 0.78677 4.067e-03
0.53900 0.78081 4.067e-03
0.53950 0.78552 4.067e-03
0.54000 0.79821 4.067e-03
0.54050 0.79261 4.067e-03
0.54100 0.78788 4.067e-03
0.54150 0.79730 4.067e-03
0.54200 0.79394 4.067e-03
0.54250 0.79964 4.067e-03
0.54300 0.79628 4.067e-03
0.54350 0.80413 4.067e-03
0.54400 0.80039 4.067e-03
0.54450 0.80974 4.067e-03
0.54500 0.80539 4.067e-03
0.54550 0.81072 4.067e-03
0.54600 0.80583 4.067e-03
0.54650 0.80908 4.067e-03
0.54700 0.80797 4.067e-03
0.54750 0.80785 4.067e-03
0.54800 0.81813 4.067e-03
0.54850 0.81539 4.067e-03
0.54900 0.80982 4.067e-03
0.54950 0.80813 4.067e-03
0.55000 0.81906 4.067e-03
0.55050 0.80405 4.067e-03
0.55100 0.81071 4.067e-03
0.55150 0.81117 4.067e-03
0.55200 0.81297 4.067e-03
0.55250 0.81339 4.067e-03
0.55300 0.81092 4.067e-03
0.55350 0.81372 4.067e-03
0.55400 0.81127 4.067e-03
0.55450 0.81614 4.067e-03
0.55500 0.81984 4.067e-03
0.55550 0.81985 4.067e-03
0.55600 0.81668 4.067e-03
0.55650 0.81504 4.067e-03
0.55700 0.80987 4.067e-03
0.55750 0.81775 4.067e-03
0.55800 0.81272 4.067e-03
0.55850 0.81545 4.067e-03
0.55900 0.81530 4.067e-03
0.55950 0.80741 4.067e-03
0.56000 0.81236 4.067e-03
0.56050 0.81909 4.067e-03
0.56100 0.81245 4.067e-03
0.56150 0.81448 4.067e-03
0.56200 0.81126 4.067e-03
0.56250 0.81651 4.067e-03
0.56300 0.80548 4.067e-03
0.56350 0.80588 4.067e-03
0.56400 0.81772 4.067e-03
0.56450 0.81069 4.067e-03
0.56500 0.81288 4.067e-03
0.56550 0.81891 4.067e-03
0.56600 0.81976 4.067e-03
0.56650 0.80671 4.067e-03
0.56700 0.80949 4.067e-03
0.56750 0.81333 4.067e-03
0.56800 0.81117 4.067e-03
0.56850 0.81476 4.067e-03
0.56900 0.82104 4.067e-03
0.56950 0.81322 4.067e-03
0.57000 0.81368 4.067e-03
0.57050 0.80731 4.067e-03
0.57100 0.81004 4.067e-03
0.57150 0.80948 4.067e-03
0.57200 0.81565 4.067e-03
0.57250 0.81421 4.067e-03
0.57300 0.81477 4.067e-03
0.57350 0.81679 4.067e-03
0.57400 0.81460 4.067e-03
0.57450 0.81539 4.067e-03
0.57500 0.80736 4.067e-03
0.57550 0.81758 4.067e-03
0.57600 0.81475 4.067e-03
0.57650 0.81567 4.067e-03
0.57700 0.81487 4.067e-03
0.57750 0.81073 4.067e-03
0.57800 0.81370 4.067e-03
0.57850 0.80699 4.067e-03
0.57900 0.80774 4.067e-03
0.57950 0.81633 4.067e-03
0.58000 0.82210 4.067e-03
0.58050 0.81509 4.067e-03
0.58100 0.80904 4.067e-03
0.58150 0.81742 4.067e-03
0.58200 0.81453 4.067e-03
0.58250 0.81254 4.067e-03
0.58300 0.81585 4.067e-03
0.58350 0.81388 4.067e-03
0.58400 0.81207 4.067e-03
0.58450 0.81984 4.067e-03
0.58500 0.81815 4.067e-03
0.58550 0.81413 4.067e-03
0.58600 0.80976 4.067e-03
0.58650 0.81489 4.067e-03
0.58700 0.81516 4.067e-03
0.58750 0.82077 4.067e-03
0.58800 0.80830 4.067e-03
0.58850 0.81568 4.067e-03
0.58900 0.81306 4.067e-03
0.58950 0.81017 4.067e-03
0.59000 0.80564 4.067e-03
0.59050 0.81021 4.067e-03
0.59100 0.81110 4.067e-03
0.59150 0.80993 4.067e-03
0.59200 0.80962 4.067e-03
0.59250 0.81074 4.067e-03
0.59300 0.81220 4.067e-03
0.59350 0.81226 4.067e-03
0.59400 0.81930 4.067e-03
0.59450 0.81992 4.067e-03
0.59500 0.81185 4.067e-03
0.59550 0.81912 4.067e-03
0.59600 0.81854 4.067e-03
0.59650 0.81380 4.067e-03
0.59700 0.81054 4.067e-03
0.59750 0.81329 4.067e-03
0.59800 0.81022 4.067e-03
0.59850 0.81373 4.067e-03
0.59900 0.81123 4.067e-03
0.59950 0.81753 4.067e-03
0.60000 0.81258 4.067e-03
0.60050 0.81066 4.067e-03
0.60100 0.80990 4.067e-03
0.60150 0.80833 4.067e-03
0.60200 0.81223 4.067e-03
0.60250 0.81591 4.067e-03
0.60300 0.81478 4.067e-03
0.60350 0.81544 4.067e-03
0.60400 0.81946 4.067e-03
0.60450 0.81298 4.067e-03
0.60500 0.81397 4.067e-03
0.60550 0.81192 4.067e-03
0.60600 0.80950 4.067e-03
0.60650 0.81272 4.067e-03
0.60700 0.80799 4.067e-03
0.60750 0.81802 4.067e-03
0.60800 0.81225 4.067e-03
0.60850 0.81647 4.067e-03
0.60900 0.81195 4.067e-03
0.60950 0.81285 4.067e-03
0.61000 0.81595 4.067e-03
0.61050 0.81255 4.067e-03
0.61100 0.81968 4.067e-03
0.61150 0.81608 4.067e-03
0.61200 0.81018 4.067e-03
0.61250 0.81551 4.067e-03
0.61300 0.81240 4.067e-03
0.61350 0.81473 4.067e-03
0.61400 0.80817 4.067e-03
0.61450 0.81239 4.067e-03
0.61500 0.81551 4.067e-03
0.61550 0.81481 4.067e-03
0.61600 0.81049 4.067e-03
0.61650 0.81243 4.067e-03
0.61700 0.81913 4.067e-03
0.61750 0.80770 4.067e-03
0.61800 0.81465 4.067e-03
0.61850 0.80786 4.067e-03
0.61900 0.81168 4.067e-03
0.61950 0.81694 4.067e-03
0.62000 0.82074 4.067e-03
0.62050 0.80949 4.067e-03
0.62100 0.82167 4.067e-03
0.62150 0.81490 4.067e-03
0.62200 0.82218 4.067e-03
0.62250 0.81925 4.067e-03
0.62300 0.80849 4.067e-03
0.62350 0.81539 4.067e-03
0.62400 0.81473 4.067e-03
0.62450 0.81204 4.067e-03
0.62500 0.80789 4.067e-03
0.62550 0.81518 4.067e-03
0.62600 0.81354 4.067e-03
0.62650 0.80826 4.067e-03
0.62700 0.81121 4.067e-03
0.62750 0.80649 4.067e-03
0.62800 0.81521 4.067e-03
0.62850 0.80753 4.067e-03
0.62900 0.81119 4.067e-03
0.62950 0.81241 4.067e-03
0.63000 0.81840 4.067e-03
0.63050 0.82420 4.067e-03
0.63100 0.81633 4.067e-03
0.63150 0.81782 4.067e-03
0.63200 0.81449 4.067e-03
0.63250 0.81751 4.067e-03
0.63300 0.81391 4.067e-03
0.63350 0.81423 4.067e-03
0.63400 0.81287 4.067e-03
0.63450 0.81645 4.067e-03
0.63500 0.81631 4.067e-03
0.63550 0.81528 4.067e-03
0.63600 0.81807 4.067e-03
0.63650 0.81008 4.067e-03
0.63700 0.80911 4.067e-03
0.63750 0.81490 4.067e-03
0.63800 0.81893 4.067e-03
0.63850 0.80404 4.067e-03
0.63900 0.81463 4.067e-03
0.63950 0.81540 4.067e-03
0.64000 0.81061 4.067e-03
0.64050 0.81512 4.067e-03
0.64100 0.81392 4.067e-03
0.64150 0.81513 4.067e-03
0.64200 0.80700 4.067e-03
0.64250 0.80876 4.067e-03
0.64300 0.80751 4.067e-03
0.64350 0.81702 4.067e-03
0.64400 0.81074 4.067e-03
0.64450 0.81170 4.067e-03
0.64500 0.80906 4.067e-03
0.64550 0.81775 4.067e-03
0.64600 0.81089 4.067e-03
0.64650 0.80965 4.067e-03
0.64700 0.81373 4.067e-03
0.64750 0.81514 4.067e-03
0.64800 0.81203 4.067e-03
0.64850 0.81128 4.067e-03
0.64900 0.81308 4.067e-03
0.64950 0.81555 4.067e-03
0.65000 0.81427 4.067e-03
0.65050 0.81274 4.067e-03
0.65100 0.80452 4.067e-03
0.65150 0.81399 4.067e-03
0.65200 0.81060 4.067e-03
0.65250 0.80680 4.067e-03
0.65300 0.81085 4.067e-03
0.65350 0.81720 4.067e-03
0.65400 0.81328 4.067e-03
0.65450 0.81513 4.067e-03
0.65500 0.81146 4.067e-03
0.65550 0.81744 4.067e-03
0.65600 0.81380 4.067e-03
0.65650 0.80861 4.067e-03
0.65700 0.80781 4.067e-03
0.65750 0.80762 4.067e-03
0.65800 0.81347 4.067e-03
0.65850 0.80879 4.067e-03
0.65900 0.81136 4.067e-03
0.65950 0.81773 4.067e-03
0.66000 0.81526 4.067e-03
0.66050 0.81373 4.067e-03
0.66100 0.80585 4.067e-03
0.66150 0.81103 4.067e-03
0.66200 0.81402 4.067e-03
0.66250 0.80580 4.067e-03
0.66300 0.80986 4.067e-03
0.66350 0.81024 4.067e-03
0.66400 0.81424 4.067e-03
0.66450 0.80955 4.067e-03
0.66500 0.81344 4.067e-03
0.66550 0.81672 4.067e-03
0.66600 0.81364 4.067e-03
0.66650 0.81516 4.067e-03
0.66700 0.82409 4.067e-03
0.66750 0.81111 4.067e-03
0.66800 0.81813 4.067e-03
0.66850 0.81675 4.067e-03
0.66900 0.81538 4.067e-03
0.66950 0.81029 4.067e-03
0.67000 0.81227 4.067e-03
0.67050 0.80801 4.067e-03
0.67100 0.81336 4.067e-03
0.67150 0.81527 4.067e-03
0.67200 0.81363 4.067e-03
0.67250 0.81221 4.067e-03
0.67300 0.81166 4.067e-03
0.67350 0.81316 4.067e-03
0.67400 0.80987 4.067e-03
0.67450 0.80950 4.067e-03
0.67500 0.81480 4.067e-03
0.67550 0.81099 4.067e-03
0.67600 0.81202 4.067e-03
0.67650 0.81513 4.067e-03
0.67700 0.81778 4.067e-03
0.67750 0.81354 4.067e-03
0.67800 0.81509 4.067e-03
0.67850 0.81034 4.067e-03
0.67900 0.81156 4.067e-03
0.67950 0.80980 4.067e-03
0.68000 0.81738 4.067e-03
0.68050 0.81363 4.067e-03
0.68100 0.81070 4.067e-03
0.68150 0.81060 4.067e-03
0.68200 0.81238 4.067e-03
0.68250 0.80925 4.067e-03
0.68300 0.81249 4.067e-03
0.68350 0.81375 4.067e-03
0.68400 0.81573 4.067e-03
0.68450 0.81528 4.067e-03
0.68500 0.81540 4.067e-03
0.68550 0.80876 4.067e-03
0.68600 0.81003 4.067e-03
0.68650 0.81171 4.067e-03
0.68700 0.80189 4.067e-03
0.68750 0.80891 4.067e-03
0.68800 0.81235 4.067e-03
0.68850 0.81474 4.067e-03
0.68900 0.81686 4.067e-03
0.68950 0.81499 4.067e-03
0.69000 0.81450 4.067e-03
0.69050 0.81067 4.067e-03
0.69100 0.81070 4.067e-03
0.69150 0.81188 4.067e-03
0.69200 0.81308 4.067e-03
0.69250 0.81140 4.067e-03
0.69300 0.81532 4.067e-03
0.69350 0.81522 4.067e-03
0.69400 0.81633 4.067e-03
0.69450 0.81690 4.067e-03
0.69500 0.81101 4.067e-03
0.69550 0.82059 4.067e-03
0.69600 0.80833 4.067e-03
0.69650 0.81801 4.067e-03
0.69700 0.81290 4.067e-03
0.69750 0.81155 4.067e-03
0.69800 0.80828 4.067e-03
0.69850 0.80447 4.067e-03
0.69900 0.80810 4.067e-03
0.69950 0.80766 4.067e-03
0.70000 0.81186 4.067e-03
0.70050 0.80822 4.067e-03
0.70100 0.81580 4.067e-03
0.70150 0.80741 4.067e-03
0.70200 0.81572 4.067e-03
0.70250 0.81922 4.067e-03
0.70300 0.80925 4.067e-03
0.70350 0.81457 4.067e-03
0.70400 0.80601 4.067e-03
0.70450 0.81236 4.067e-03
0.70500 0.81463 4.067e-03
0.70550 0.81496 4.067e-03
0.70600 0.81314 4.067e-03
0.70650 0.81506 4.067e-03
0.70700 0.81046 4.067e-03
0.70750 0.81611 4.067e-03
0.70800 0.80952 4.067e-03
0.70850 0.81261 4.067e-03
0.70900 0.81035 4.067e-03
0.70950 0.81872 4.067e-03
0.71000 0.80939 4.067e-03
0.71050 0.81187 4.067e-03
0.71100 0.81365 4.067e-03
0.71150 0.81239 4.067e-03
0.71200 0.80722 4.067e-03
0.71250 0.82543 4.067e-03
0.71300 0.80766 4.067e-03
0.71350 0.81368 4.067e-03
0.71400 0.81175 4.067e-03
0.71450 0.80708 4.067e-03
0.71500 0.81730 4.067e-03
0.71550 0.79958 4.067e-03
0.71600 0.81088 4.067e-03
0.71650 0.81132 4.067e-03
0.71700 0.80990 4.067e-03
0.71750 0.81193 4.067e-03
0.71800 0.81585 4.067e-03
0.71850 0.81346 4.067e-03
0.71900 0.81261 4.067e-03
0.71950 0.81554 4.067e-03
0.72000 0.80779 4.067e-03
0.72050 0.80790 4.067e-03
0.72100 0.80945 4.067e-03
0.72150 0.81250 4.067e-03
0.72200 0.81460 4.067e-03
0.72250 0.80960 4.067e-03
0.72300 0.80811 4.067e-03
0.72350 0.81222 4.067e-03
0.72400 0.81180 4.067e-03
0.72450 0.81394 4.067e-03
0.72500 0.81409 4.067e-03
0.72550 0.81701 4.067e-03
0.72600 0.81191 4.067e-03
0.72650 0.81392 4.067e-03
0.72700 0.81481 4.067e-03
0.72750 0.80689 4.067e-03
0.72800 0.80990 4.067e-03
0.72850 0.81453 4.067e-03
0.72900 0.81226 4.067e-03
0.72950 0.81057 4.067e-03
0.73000 0.81518 4.067e-03
0.73050 0.81383 4.067e-03
0.73100 0.81476 4.067e-03
0.73150 0.80732 4.067e-03
0.73200 0.80817 4.067e-03
0.73250 0.81532 4.067e-03
0.73300 0.81967 4.067e-03
0.73350 0.81418 4.067e-03
0.73400 0.81238 4.067e-03
0.73450 0.81724 4.067e-03
0.73500 0.81678 4.067e-03
0.73550 0.81468 4.067e-03
0.73600 0.81646 4.067e-03
0.73650 0.81073 4.067e-03
0.73700 0.81038 4.067e-03
0.73750 0.81070 4.067e-03
0.73800 0.80901 4.067e-03
0.73850 0.81269 4.067e-03
0.73900 0.81257 4.067e-03
0.73950 0.81912 4.067e-03
0.74000 0.82021 4.067e-03
0.74050 0.80724 4.067e-03
0.74100 0.81596 4.067e-03
0.74150 0.81375 4.067e-03
0.74200 0.80942 4.067e-03
0.74250 0.81102 4.067e-03
0.74300 0.81177 4.067e-03
0.74350 0.81071 4.067e-03
0.74400 0.82061 4.067e-03
0.74450 0.81675 4.067e-03
0.74500 0.81061 4.067e-03
0.74550 0.82129 4.067e-03
0.74600 0.81533 4.067e-03
0.74650 0.80425 4.067e-03
0.74700 0.81383 4.067e-03
0.74750 0.81725 4.067e-03
0.74800 0.81923 4.067e-03
0.74850 0.81676 4.067e-03
0.74900 0.82053 4.067e-03
0.74950 0.81776 4.067e-03
0.75000 0.81366 4.067e-03
0.75050 0.81947 4.067e-03
0.75100 0.81799 4.067e-03
0.75150 0.80681 4.067e-03
0.75200 0.81124 4.067e-03
0.75250 0.80754 4.067e-03
0.75300 0.81517 4.067e-03
0.75350 0.81080 4.067e-03
0.75400 0.81390 4.067e-03
0.75450 0.81001 4.067e-03
0.75500 0.81754 4.067e-03
0.75550 0.80458 4.067e-03
0.75600 0.82027 4.067e-03
0.75650 0.81046 4.067e-03
0.75700 0.81503 4.067e-03
0.75750 0.81051 4.067e-03
0.75800 0.81607 4.067e-03
0.75850 0.81233 4.067e-03
0.75900 0.82249 4.067e-03
0.75950 0.81724 4.067e-03
0.76000 0.81491 4.067e-03
0.76050 0.81128 4.067e-03
0.76100 0.81713 4.067e-03
0.76150 0.81386 4.067e-03
0.76200 0.81475 4.067e-03
0.76250 0.81126 4.067e-03
0.76300 0.81822 4.067e-03
0.76350 0.81393 4.067e-03
0.76400 0.80875 4.067e-03
0.76450 0.81471 4.067e-03
0.76500 0.81090 4.067e-03
0.76550 0.80830 4.067e-03
0.76600 0.80987 4.067e-03
0.76650 0.81275 4.067e-03
0.76700 0.80765 4.067e-03
0.76750 0.81420 4.067e-03
0.76800 0.82110 4.067e-03
0.76850 0.81069 4.067e-03
0.76900 0.82103 4.067e-03
0.76950 0.81965 4.067e-03
0.77000 0.80809 4.067e-03
0.77050 0.81785 4.067e-03
0.77100 0.81166 4.067e-03
0.77150 0.81568 4.067e-03
0.77200 0.81077 4.067e-03
0.77250 0.81638 4.067e-03
0.77300 0.81255 4.067e-03
0.77350 0.81427 4.067e-03
0.77400 0.81155 4.067e-03
0.77450 0.81628 4.067e-03
0.77500 0.81086 4.067e-03
0.77550 0.80847 4.067e-03
0.77600 0.81283 4.067e-03
0.77650 0.80889 4.067e-03
0.77700 0.81756 4.067e-03
0.77750 0.80912 4.067e-03
0.77800 0.81413 4.067e-03
0.77850 0.81187 4.067e-03
0.77900 0.81658 4.067e-03
0.77950 0.81496 4.067e-03
0.78000 0.81631 4.067e-03
0.78050 0.81215 4.067e-03
0.78100 0.81418 4.067e-03
0.78150 0.80655 4.067e-03
0.78200 0.81072 4.067e-03
0.78250 0.81280 4.067e-03
0.78300 0.80922 4.067e-03
0.78350 0.81462 4.067e-03
0.78400 0.80768 4.067e-03
0.78450 0.80960 4.067e-03
0.78500 0.80736 4.067e-03
0.78550 0.81928 4.067e-03
0.78600 0.80966 4.067e-03
0.78650 0.81991 4.067e-03
0.78700 0.81218 4.067e-03
0.78750 0.81171 4.067e-03
0.78800 0.81550 4.067e-03
0.78850 0.81851 4.067e-03
0.78900 0.81986 4.067e-03
0.78950 0.82153 4.067e-03
0.79000 0.81877 4.067e-03
0.79050 0.81718 4.067e-03
0.79100 0.82133 4.067e-03
0.79150 0.81590 4.067e-03
0.79200 0.81216 4.067e-03
0.79250 0.80414 4.067e-03
0.79300 0.82077 4.067e-03
0.79350 0.81028 4.067e-03
0.79400 0.81415 4.067e-03
0.79450 0.81630 4.067e-03
0.79500 0.81172 4.067e-03
0.79550 0.80943 4.067e-03
0.79600 0.81940 4.067e-03
0.79650 0.81283 4.067e-03
0.79700 0.81439 4.067e-03
0.79750 0.80550 4.067e-03
0.79800 0.81807 4.067e-03
0.79850 0.81277 4.067e-03
0.79900 0.81633 4.067e-03
0.79950 0.82336 4.067e-03
0.80000 0.80945 4.067e-03
0.80050 0.81690 4.067e-03
0.80100 0.81193 4.067e-03
0.80150 0.79884 4.067e-03
0.80200 0.81055 4.067e-03
0.80250 0.81343 4.067e-03
0.80300 0.81458 4.067e-03
0.80350 0.80541 4.067e-03
0.80400 0.81250 4.067e-03
0.80450 0.81473 4.067e-03
0.80500 0.81590 4.067e-03
0.80550 0.81199 4.067e-03
0.80600 0.82013 4.067e-03
0.80650 0.80948 4.067e-03
0.80700 0.82072 4.067e-03
0.80750 0.80948 4.067e-03
0.80800 0.81120 4.067e-03
0.80850 0.81396 4.067e-03
0.80900 0.81395 4.067e-03
0.80950 0.81454 4.067e-03
0.81000 0.80313 4.067e-03
0.81050 0.81243 4.067e-03
0.81100 0.81150 4.067e-03
0.81150 0.81428 4.067e-03
0.81200 0.80855 4.067e-03
0.81250 0.80972 4.067e-03
0.81300 0.81873 4.067e-03
0.81350 0.80881 4.067e-03
0.81400 0.81248 4.067e-03
0.81450 0.82144 4.067e-03
0.81500 0.81292 4.067e-03
0.81550 0.81194 4.067e-03
0.81600 0.80897 4.067e-03
0.81650 0.80831 4.067e-03
0.81700 0.81429 4.067e-03
0.81750 0.82557 4.067e-03
0.81800 0.80834 4.067e-03
0.81850 0.81256 4.067e-03
0.81900 0.80870 4.067e-03
0.81950 0.81165 4.067e-03
0.82000 0.81719 4.067e-03
0.82050 0.81419 4.067e-03
0.82100 0.81053 4.067e-03
0.82150 0.80872 4.067e-03
0.82200 0.81286 4.067e-03
0.82250 0.80928 4.067e-03
0.82300 0.80917 4.067e-03
0.82350 0.81093 4.067e-03
0.82400 0.82180 4.067e-03
0.82450 0.81509 4.067e-03
0.82500 0.81580 4.067e-03
0.82550 0.81878 4.067e-03
0.82600 0.81300 4.067e-03
0.82650 0.81482 4.067e-03
0.82700 0.81076 4.067e-03
0.82750 0.81099 4.067e-03
0.82800 0.81637 4.067e-03
0.82850 0.80815 4.067e-03
0.82900 0.81200 4.067e-03
0.82950 0.81936 4.067e-03
0.83000 0.80866 4.067e-03
0.83050 0.80842 4.067e-03
0.83100 0.82025 4.067e-03
0.83150 0.81230 4.067e-03
0.83200 0.81464 4.067e-03
0.83250 0.81911 4.067e-03
0.83300 0.81109 4.067e-03
0.83350 0.81304 4.067e-03
0.83400 0.81431 4.067e-03
0.83450 0.81241 4.067e-03
0.83500 0.80945 4.067e-03
0.83550 0.81427 4.067e-03
0.83600 0.82224 4.067e-03
0.83650 0.81549 4.067e-03
0.83700 0.81290 4.067e-03
0.83750 0.81219 4.067e-03
0.83800 0.80973 4.067e-03
0.83850 0.81509 4.067e-03
0.83900 0.81338 4.067e-03
0.83950 0.81792 4.067e-03
0.84000 0.82285 4.067e-03
0.84050 0.81375 4.067e-03
0.84100 0.81043 4.067e-03
0.84150 0.81083 4.067e-03
0.84200 0.81652 4.067e-03
0.84250 0.81314 4.067e-03
0.84300 0.81752 4.067e-03
0.84350 0.81807 4.067e-03
0.84400 0.81374 4.067e-03
0.84450 0.81436 4.067e-03
0.84500 0.80925 4.067e-03
0.84550 0.81414 4.067e-03
0.84600 0.81348 4.067e-03
0.84650 0.81328 4.067e-03
0.84700 0.82010 4.067e-03
0.84750 0.81162 4.067e-03
0.84800 0.81680 4.067e-03
0.84850 0.80726 4.067e-03
0.84900 0.81394 4.067e-03
0.84950 0.81210 4.067e-03
0.85000 0.81255 4.067e-03
