# 
# This file contains a simulated light curve of a single orbit of a circular orbit,
# eclipsing binary. The three columns are orbital phase (changes by 1 over the orbit),
# flux, and uncertainty in flux.
# 
-0.15000 1.12603 5.618e-03
-0.14950 1.11259 5.618e-03
-0.14900 1.13158 5.618e-03
-0.14850 1.11695 5.618e-03
-0.14800 1.11759 5.618e-03
-0.14750 1.12914 5.618e-03
-0.14700 1.11669 5.618e-03
-0.14650 1.12012 5.618e-03
-0.14600 1.12146 5.618e-03
-0.14550 1.11909 5.618e-03
-0.14500 1.12046 5.618e-03
-0.14450 1.12621 5.618e-03
-0.14400 1.12535 5.618e-03
-0.14350 1.12383 5.618e-03
-0.14300 1.12835 5.618e-03
-0.14250 1.12100 5.618e-03
-0.14200 1.12932 5.618e-03
-0.14150 1.11427 5.618e-03
-0.14100 1.13475 5.618e-03
-0.14050 1.11410 5.618e-03
-0.14000 1.12042 5.618e-03
-0.13950 1.12449 5.618e-03
-0.13900 1.12765 5.618e-03
-0.13850 1.11672 5.618e-03
-0.13800 1.12939 5.618e-03
-0.13750 1.12363 5.618e-03
-0.13700 1.12615 5.618e-03
-0.13650 1.12217 5.618e-03
-0.13600 1.12004 5.618e-03
-0.13550 1.13090 5.618e-03
-0.13500 1.12570 5.618e-03
-0.13450 1.12403 5.618e-03
-0.13400 1.11583 5.618e-03
-0.13350 1.11245 5.618e-03
-0.13300 1.11796 5.618e-03
-0.13250 1.13471 5.618e-03
-0.13200 1.13194 5.618e-03
-0.13150 1.12483 5.618e-03
-0.13100 1.11486 5.618e-03
-0.13050 1.11931 5.618e-03
-0.13000 1.11606 5.618e-03
-0.12950 1.12662 5.618e-03
-0.12900 1.12587 5.618e-03
-0.12850 1.12785 5.618e-03
-0.12800 1.12900 5.618e-03
-0.12750 1.13291 5.618e-03
-0.12700 1.13472 5.618e-03
-0.12650 1.11766 5.618e-03
-0.12600 1.12047 5.618e-03
-0.12550 1.13442 5.618e-03
-0.12500 1.11407 5.618e-03
-0.12450 1.12738 5.618e-03
-0.12400 1.11903 5.618e-03
-0.12350 1.13193 5.618e-03
-0.12300 1.12568 5.618e-03
-0.12250 1.12675 5.618e-03
-0.12200 1.12099 5.618e-03
-0.12150 1.11743 5.618e-03
-0.12100 1.12747 5.618e-03
-0.12050 1.12089 5.618e-03
-0.12000 1.12965 5.618e-03
-0.11950 1.12429 5.618e-03
-0.11900 1.13182 5.618e-03
-0.11850 1.12240 5.618e-03
-0.11800 1.13195 5.618e-03
-0.11750 1.13049 5.618e-03
-0.11700 1.12427 5.618e-03
-0.11650 1.11933 5.618e-03
-0.11600 1.12867 5.618e-03
-0.11550 1.12252 5.618e-03
-0.11500 1.11202 5.618e-03
-0.11450 1.13289 5.618e-03
-0.11400 1.11893 5.618e-03
-0.11350 1.12364 5.618e-03
-0.11300 1.12305 5.618e-03
-0.11250 1.12585 5.618e-03
-0.11200 1.11922 5.618e-03
-0.11150 1.11809 5.618e-03
-0.11100 1.13220 5.618e-03
-0.11050 1.11713 5.618e-03
-0.11000 1.12698 5.618e-03
-0.10950 1.12495 5.618e-03
-0.10900 1.12432 5.618e-03
-0.10850 1.11586 5.618e-03
-0.10800 1.13095 5.618e-03
-0.10750 1.13136 5.618e-03
-0.10700 1.11520 5.618e-03
-0.10650 1.12606 5.618e-03
-0.10600 1.12490 5.618e-03
-0.10550 1.12501 5.618e-03
-0.10500 1.11611 5.618e-03
-0.10450 1.13199 5.618e-03
-0.10400 1.11737 5.618e-03
-0.10350 1.12276 5.618e-03
-0.10300 1.12807 5.618e-03
-0.10250 1.11836 5.618e-03
-0.10200 1.13509 5.618e-03
-0.10150 1.12830 5.618e-03
-0.10100 1.12463 5.618e-03
-0.10050 1.12500 5.618e-03
-0.10000 1.13405 5.618e-03
-0.09950 1.13192 5.618e-03
-0.09900 1.11693 5.618e-03
-0.09850 1.12160 5.618e-03
-0.09800 1.12057 5.618e-03
-0.09750 1.12139 5.618e-03
-0.09700 1.12333 5.618e-03
-0.09650 1.12100 5.618e-03
-0.09600 1.11941 5.618e-03
-0.09550 1.12476 5.618e-03
-0.09500 1.11463 5.618e-03
-0.09450 1.12226 5.618e-03
-0.09400 1.12260 5.618e-03
-0.09350 1.12881 5.618e-03
-0.09300 1.12056 5.618e-03
-0.09250 1.13197 5.618e-03
-0.09200 1.13676 5.618e-03
-0.09150 1.10493 5.618e-03
-0.09100 1.12804 5.618e-03
-0.09050 1.13453 5.618e-03
-0.09000 1.12972 5.618e-03
-0.08950 1.12775 5.618e-03
-0.08900 1.12174 5.618e-03
-0.08850 1.12554 5.618e-03
-0.08800 1.12459 5.618e-03
-0.08750 1.11406 5.618e-03
-0.08700 1.11944 5.618e-03
-0.08650 1.11608 5.618e-03
-0.08600 1.13001 5.618e-03
-0.08550 1.12600 5.618e-03
-0.08500 1.11741 5.618e-03
-0.08450 1.12533 5.618e-03
-0.08400 1.13907 5.618e-03
-0.08350 1.11870 5.618e-03
-0.08300 1.12560 5.618e-03
-0.08250 1.11871 5.618e-03
-0.08200 1.12192 5.618e-03
-0.08150 1.10523 5.618e-03
-0.08100 1.11828 5.618e-03
-0.08050 1.12651 5.618e-03
-0.08000 1.11983 5.618e-03
-0.07950 1.11581 5.618e-03
-0.07900 1.11902 5.618e-03
-0.07850 1.12198 5.618e-03
-0.07800 1.11957 5.618e-03
-0.07750 1.13342 5.618e-03
-0.07700 1.13377 5.618e-03
-0.07650 1.12615 5.618e-03
-0.07600 1.12830 5.618e-03
-0.07550 1.12589 5.618e-03
-0.07500 1.11905 5.618e-03
-0.07450 1.12121 5.618e-03
-0.07400 1.12081 5.618e-03
-0.07350 1.13032 5.618e-03
-0.07300 1.13210 5.618e-03
-0.07250 1.12613 5.618e-03
-0.07200 1.11907 5.618e-03
-0.07150 1.13149 5.618e-03
-0.07100 1.11768 5.618e-03
-0.07050 1.11568 5.618e-03
-0.07000 1.13177 5.618e-03
-0.06950 1.12878 5.618e-03
-0.06900 1.12159 5.618e-03
-0.06850 1.13314 5.618e-03
-0.06800 1.12199 5.618e-03
-0.06750 1.12056 5.618e-03
-0.06700 1.13032 5.618e-03
-0.06650 1.11787 5.618e-03
-0.06600 1.12278 5.618e-03
-0.06550 1.12747 5.618e-03
-0.06500 1.11449 5.618e-03
-0.06450 1.11557 5.618e-03
-0.06400 1.10615 5.618e-03
-0.06350 1.10468 5.618e-03
-0.06300 1.08891 5.618e-03
-0.06250 1.09311 5.618e-03
-0.06200 1.07931 5.618e-03
-0.06150 1.09240 5.618e-03
-0.06100 1.07749 5.618e-03
-0.06050 1.07458 5.618e-03
-0.06000 1.06973 5.618e-03
-0.05950 1.06063 5.618e-03
-0.05900 1.05829 5.618e-03
-0.05850 1.04995 5.618e-03
-0.05800 1.03928 5.618e-03
-0.05750 1.03413 5.618e-03
-0.05700 1.02095 5.618e-03
-0.05650 1.02328 5.618e-03
-0.05600 1.02846 5.618e-03
-0.05550 1.02516 5.618e-03
-0.05500 1.01246 5.618e-03
-0.05450 0.99110 5.618e-03
-0.05400 0.99433 5.618e-03
-0.05350 0.98294 5.618e-03
-0.05300 0.97316 5.618e-03
-0.05250 0.96500 5.618e-03
-0.05200 0.95660 5.618e-03
-0.05150 0.96182 5.618e-03
-0.05100 0.94401 5.618e-03
-0.05050 0.93526 5.618e-03
-0.05000 0.93457 5.618e-03
-0.04950 0.91306 5.618e-03
-0.04900 0.90668 5.618e-03
-0.04850 0.90065 5.618e-03
-0.04800 0.89048 5.618e-03
-0.04750 0.88675 5.618e-03
-0.04700 0.87319 5.618e-03
-0.04650 0.87573 5.618e-03
-0.04600 0.86633 5.618e-03
-0.04550 0.86017 5.618e-03
-0.04500 0.86350 5.618e-03
-0.04450 0.83741 5.618e-03
-0.04400 0.82857 5.618e-03
-0.04350 0.81905 5.618e-03
-0.04300 0.80432 5.618e-03
-0.04250 0.80266 5.618e-03
-0.04200 0.79095 5.618e-03
-0.04150 0.78281 5.618e-03
-0.04100 0.77459 5.618e-03
-0.04050 0.77316 5.618e-03
-0.04000 0.74843 5.618e-03
-0.03950 0.74781 5.618e-03
-0.03900 0.73529 5.618e-03
-0.03850 0.73553 5.618e-03
-0.03800 0.72699 5.618e-03
-0.03750 0.71904 5.618e-03
-0.03700 0.69895 5.618e-03
-0.03650 0.70027 5.618e-03
-0.03600 0.68211 5.618e-03
-0.03550 0.67163 5.618e-03
-0.03500 0.67029 5.618e-03
-0.03450 0.66904 5.618e-03
-0.03400 0.65570 5.618e-03
-0.03350 0.64147 5.618e-03
-0.03300 0.63812 5.618e-03
-0.03250 0.62921 5.618e-03
-0.03200 0.61219 5.618e-03
-0.03150 0.60939 5.618e-03
-0.03100 0.59463 5.618e-03
-0.03050 0.58357 5.618e-03
-0.03000 0.57902 5.618e-03
-0.02950 0.57687 5.618e-03
-0.02900 0.56799 5.618e-03
-0.02850 0.55807 5.618e-03
-0.02800 0.56321 5.618e-03
-0.02750 0.53505 5.618e-03
-0.02700 0.54280 5.618e-03
-0.02650 0.53812 5.618e-03
-0.02600 0.52319 5.618e-03
-0.02550 0.51462 5.618e-03
-0.02500 0.51085 5.618e-03
-0.02450 0.51273 5.618e-03
-0.02400 0.50429 5.618e-03
-0.02350 0.50279 5.618e-03
-0.02300 0.49248 5.618e-03
-0.02250 0.48480 5.618e-03
-0.02200 0.48855 5.618e-03
-0.02150 0.47557 5.618e-03
-0.02100 0.48568 5.618e-03
-0.02050 0.48297 5.618e-03
-0.02000 0.48247 5.618e-03
-0.01950 0.48074 5.618e-03
-0.01900 0.47792 5.618e-03
-0.01850 0.47541 5.618e-03
-0.01800 0.46408 5.618e-03
-0.01750 0.47998 5.618e-03
-0.01700 0.46816 5.618e-03
-0.01650 0.48082 5.618e-03
-0.01600 0.47605 5.618e-03
-0.01550 0.47010 5.618e-03
-0.01500 0.48087 5.618e-03
-0.01450 0.47511 5.618e-03
-0.01400 0.47442 5.618e-03
-0.01350 0.48472 5.618e-03
-0.01300 0.48106 5.618e-03
-0.01250 0.47499 5.618e-03
-0.01200 0.47448 5.618e-03
-0.01150 0.48690 5.618e-03
-0.01100 0.47901 5.618e-03
-0.01050 0.47496 5.618e-03
-0.01000 0.48420 5.618e-03
-0.00950 0.47991 5.618e-03
-0.00900 0.47841 5.618e-03
-0.00850 0.48789 5.618e-03
-0.00800 0.47632 5.618e-03
-0.00750 0.47356 5.618e-03
-0.00700 0.47443 5.618e-03
-0.00650 0.46184 5.618e-03
-0.00600 0.48047 5.618e-03
-0.00550 0.47742 5.618e-03
-0.00500 0.47624 5.618e-03
-0.00450 0.48001 5.618e-03
-0.00400 0.48465 5.618e-03
-0.00350 0.49048 5.618e-03
-0.00300 0.47672 5.618e-03
-0.00250 0.48086 5.618e-03
-0.00200 0.47253 5.618e-03
-0.00150 0.47648 5.618e-03
-0.00100 0.47495 5.618e-03
-0.00050 0.46662 5.618e-03
0.00000 0.47730 5.618e-03
0.00050 0.48836 5.618e-03
0.00100 0.47596 5.618e-03
0.00150 0.48659 5.618e-03
0.00200 0.47201 5.618e-03
0.00250 0.48484 5.618e-03
0.00300 0.47966 5.618e-03
0.00350 0.48172 5.618e-03
0.00400 0.47637 5.618e-03
0.00450 0.47569 5.618e-03
0.00500 0.48503 5.618e-03
0.00550 0.48734 5.618e-03
0.00600 0.47851 5.618e-03
0.00650 0.47538 5.618e-03
0.00700 0.47693 5.618e-03
0.00750 0.47700 5.618e-03
0.00800 0.47842 5.618e-03
0.00850 0.48351 5.618e-03
0.00900 0.47606 5.618e-03
0.00950 0.47928 5.618e-03
0.01000 0.47748 5.618e-03
0.01050 0.48775 5.618e-03
0.01100 0.47345 5.618e-03
0.01150 0.47826 5.618e-03
0.01200 0.47087 5.618e-03
0.01250 0.47296 5.618e-03
0.01300 0.48953 5.618e-03
0.01350 0.47323 5.618e-03
0.01400 0.47515 5.618e-03
0.01450 0.47819 5.618e-03
0.01500 0.47446 5.618e-03
0.01550 0.48958 5.618e-03
0.01600 0.47824 5.618e-03
0.01650 0.47244 5.618e-03
0.01700 0.47884 5.618e-03
0.01750 0.47624 5.618e-03
0.01800 0.48235 5.618e-03
0.01850 0.48912 5.618e-03
0.01900 0.48439 5.618e-03
0.01950 0.47227 5.618e-03
0.02000 0.47379 5.618e-03
0.02050 0.47839 5.618e-03
0.02100 0.47599 5.618e-03
0.02150 0.47468 5.618e-03
0.02200 0.49538 5.618e-03
0.02250 0.49574 5.618e-03
0.02300 0.49065 5.618e-03
0.02350 0.49344 5.618e-03
0.02400 0.50795 5.618e-03
0.02450 0.50574 5.618e-03
0.02500 0.51898 5.618e-03
0.02550 0.52607 5.618e-03
0.02600 0.53270 5.618e-03
0.02650 0.53259 5.618e-03
0.02700 0.53541 5.618e-03
0.02750 0.55299 5.618e-03
0.02800 0.55493 5.618e-03
0.02850 0.57654 5.618e-03
0.02900 0.57517 5.618e-03
0.02950 0.57833 5.618e-03
0.03000 0.58425 5.618e-03
0.03050 0.58668 5.618e-03
0.03100 0.60120 5.618e-03
0.03150 0.60962 5.618e-03
0.03200 0.62457 5.618e-03
0.03250 0.62579 5.618e-03
0.03300 0.63323 5.618e-03
0.03350 0.64751 5.618e-03
0.03400 0.64429 5.618e-03
0.03450 0.65715 5.618e-03
0.03500 0.66945 5.618e-03
0.03550 0.67272 5.618e-03
0.03600 0.68897 5.618e-03
0.03650 0.69102 5.618e-03
0.03700 0.70022 5.618e-03
0.03750 0.72135 5.618e-03
0.03800 0.72592 5.618e-03
0.03850 0.73776 5.618e-03
0.03900 0.73963 5.618e-03
0.03950 0.74961 5.618e-03
0.04000 0.75532 5.618e-03
0.04050 0.75342 5.618e-03
0.04100 0.78231 5.618e-03
0.04150 0.78076 5.618e-03
0.04200 0.79147 5.618e-03
0.04250 0.81235 5.618e-03
0.04300 0.80397 5.618e-03
0.04350 0.81488 5.618e-03
0.04400 0.83459 5.618e-03
0.04450 0.83041 5.618e-03
0.04500 0.84384 5.618e-03
0.04550 0.85596 5.618e-03
0.04600 0.87279 5.618e-03
0.04650 0.88533 5.618e-03
0.04700 0.88776 5.618e-03
0.04750 0.90039 5.618e-03
0.04800 0.89219 5.618e-03
0.04850 0.89733 5.618e-03
0.04900 0.91586 5.618e-03
0.04950 0.92451 5.618e-03
0.05000 0.92327 5.618e-03
0.05050 0.94423 5.618e-03
0.05100 0.94311 5.618e-03
0.05150 0.95065 5.618e-03
0.05200 0.95843 5.618e-03
0.05250 0.96454 5.618e-03
0.05300 0.98183 5.618e-03
0.05350 0.98728 5.618e-03
0.05400 0.98622 5.618e-03
0.05450 0.99086 5.618e-03
0.05500 0.99792 5.618e-03
0.05550 1.01587 5.618e-03
0.05600 1.02451 5.618e-03
0.05650 1.01343 5.618e-03
0.05700 1.03250 5.618e-03
0.05750 1.04287 5.618e-03
0.05800 1.04688 5.618e-03
0.05850 1.04925 5.618e-03
0.05900 1.06249 5.618e-03
0.05950 1.06061 5.618e-03
0.06000 1.06760 5.618e-03
0.06050 1.07262 5.618e-03
0.06100 1.08684 5.618e-03
0.06150 1.09813 5.618e-03
0.06200 1.09750 5.618e-03
0.06250 1.08580 5.618e-03
0.06300 1.10044 5.618e-03
0.06350 1.09922 5.618e-03
0.06400 1.11527 5.618e-03
0.06450 1.10759 5.618e-03
0.06500 1.11090 5.618e-03
0.06550 1.12405 5.618e-03
0.06600 1.12159 5.618e-03
0.06650 1.12481 5.618e-03
0.06700 1.12725 5.618e-03
0.06750 1.12613 5.618e-03
0.06800 1.12327 5.618e-03
0.06850 1.11447 5.618e-03
0.06900 1.12859 5.618e-03
0.06950 1.11768 5.618e-03
0.07000 1.12638 5.618e-03
0.07050 1.12611 5.618e-03
0.07100 1.13067 5.618e-03
0.07150 1.11270 5.618e-03
0.07200 1.12796 5.618e-03
0.07250 1.12234 5.618e-03
0.07300 1.11860 5.618e-03
0.07350 1.12401 5.618e-03
0.07400 1.12272 5.618e-03
0.07450 1.13045 5.618e-03
0.07500 1.12721 5.618e-03
0.07550 1.12385 5.618e-03
0.07600 1.12242 5.618e-03
0.07650 1.12190 5.618e-03
0.07700 1.11126 5.618e-03
0.07750 1.11972 5.618e-03
0.07800 1.11952 5.618e-03
0.07850 1.12648 5.618e-03
0.07900 1.12399 5.618e-03
0.07950 1.12397 5.618e-03
0.08000 1.13281 5.618e-03
0.08050 1.12435 5.618e-03
0.08100 1.12131 5.618e-03
0.08150 1.12274 5.618e-03
0.08200 1.12692 5.618e-03
0.08250 1.12450 5.618e-03
0.08300 1.11898 5.618e-03
0.08350 1.12786 5.618e-03
0.08400 1.12113 5.618e-03
0.08450 1.13260 5.618e-03
0.08500 1.12236 5.618e-03
0.08550 1.12185 5.618e-03
0.08600 1.12725 5.618e-03
0.08650 1.13187 5.618e-03
0.08700 1.12498 5.618e-03
0.08750 1.12877 5.618e-03
0.08800 1.11817 5.618e-03
0.08850 1.12595 5.618e-03
0.08900 1.12312 5.618e-03
0.08950 1.12540 5.618e-03
0.09000 1.12638 5.618e-03
0.09050 1.13126 5.618e-03
0.09100 1.11839 5.618e-03
0.09150 1.12324 5.618e-03
0.09200 1.12226 5.618e-03
0.09250 1.11927 5.618e-03
0.09300 1.12733 5.618e-03
0.09350 1.12320 5.618e-03
0.09400 1.11369 5.618e-03
0.09450 1.12473 5.618e-03
0.09500 1.12721 5.618e-03
0.09550 1.12225 5.618e-03
0.09600 1.13650 5.618e-03
0.09650 1.13399 5.618e-03
0.09700 1.11818 5.618e-03
0.09750 1.11814 5.618e-03
0.09800 1.11747 5.618e-03
0.09850 1.12571 5.618e-03
0.09900 1.12915 5.618e-03
0.09950 1.12699 5.618e-03
0.10000 1.12068 5.618e-03
0.10050 1.12556 5.618e-03
0.10100 1.12901 5.618e-03
0.10150 1.12132 5.618e-03
0.10200 1.11913 5.618e-03
0.10250 1.12232 5.618e-03
0.10300 1.11292 5.618e-03
0.10350 1.11713 5.618e-03
0.10400 1.13130 5.618e-03
0.10450 1.11865 5.618e-03
0.10500 1.11339 5.618e-03
0.10550 1.12442 5.618e-03
0.10600 1.12701 5.618e-03
0.10650 1.11810 5.618e-03
0.10700 1.11988 5.618e-03
0.10750 1.12359 5.618e-03
0.10800 1.12833 5.618e-03
0.10850 1.12513 5.618e-03
0.10900 1.12024 5.618e-03
0.10950 1.11407 5.618e-03
0.11000 1.11247 5.618e-03
0.11050 1.12716 5.618e-03
0.11100 1.12738 5.618e-03
0.11150 1.11377 5.618e-03
0.11200 1.12973 5.618e-03
0.11250 1.12543 5.618e-03
0.11300 1.12727 5.618e-03
0.11350 1.12592 5.618e-03
0.11400 1.12707 5.618e-03
0.11450 1.12583 5.618e-03
0.11500 1.11187 5.618e-03
0.11550 1.12152 5.618e-03
0.11600 1.13555 5.618e-03
0.11650 1.12576 5.618e-03
0.11700 1.12378 5.618e-03
0.11750 1.12191 5.618e-03
0.11800 1.12050 5.618e-03
0.11850 1.12875 5.618e-03
0.11900 1.12361 5.618e-03
0.11950 1.11838 5.618e-03
0.12000 1.13329 5.618e-03
0.12050 1.11970 5.618e-03
0.12100 1.11944 5.618e-03
0.12150 1.12270 5.618e-03
0.12200 1.11986 5.618e-03
0.12250 1.12007 5.618e-03
0.12300 1.11435 5.618e-03
0.12350 1.12997 5.618e-03
0.12400 1.11055 5.618e-03
0.12450 1.12790 5.618e-03
0.12500 1.13493 5.618e-03
0.12550 1.11413 5.618e-03
0.12600 1.12436 5.618e-03
0.12650 1.13837 5.618e-03
0.12700 1.12335 5.618e-03
0.12750 1.11642 5.618e-03
0.12800 1.13040 5.618e-03
0.12850 1.12587 5.618e-03
0.12900 1.11794 5.618e-03
0.12950 1.12017 5.618e-03
0.13000 1.12288 5.618e-03
0.13050 1.12667 5.618e-03
0.13100 1.12569 5.618e-03
0.13150 1.11522 5.618e-03
0.13200 1.12864 5.618e-03
0.13250 1.11926 5.618e-03
0.13300 1.11754 5.618e-03
0.13350 1.11813 5.618e-03
0.13400 1.12683 5.618e-03
0.13450 1.12113 5.618e-03
0.13500 1.13402 5.618e-03
0.13550 1.11866 5.618e-03
0.13600 1.11379 5.618e-03
0.13650 1.12747 5.618e-03
0.13700 1.12355 5.618e-03
0.13750 1.11569 5.618e-03
0.13800 1.12611 5.618e-03
0.13850 1.12156 5.618e-03
0.13900 1.13492 5.618e-03
0.13950 1.12089 5.618e-03
0.14000 1.12937 5.618e-03
0.14050 1.12248 5.618e-03
0.14100 1.12658 5.618e-03
0.14150 1.12106 5.618e-03
0.14200 1.12284 5.618e-03
0.14250 1.12479 5.618e-03
0.14300 1.12359 5.618e-03
0.14350 1.13886 5.618e-03
0.14400 1.12272 5.618e-03
0.14450 1.11957 5.618e-03
0.14500 1.12764 5.618e-03
0.14550 1.12275 5.618e-03
0.14600 1.12773 5.618e-03
0.14650 1.12845 5.618e-03
0.14700 1.12797 5.618e-03
0.14750 1.12474 5.618e-03
0.14800 1.12511 5.618e-03
0.14850 1.12444 5.618e-03
0.14900 1.12056 5.618e-03
0.14950 1.12288 5.618e-03
0.15000 1.12168 5.618e-03
0.15050 1.12264 5.618e-03
0.15100 1.14134 5.618e-03
0.15150 1.12698 5.618e-03
0.15200 1.12160 5.618e-03
0.15250 1.11816 5.618e-03
0.15300 1.12086 5.618e-03
0.15350 1.11967 5.618e-03
0.15400 1.12293 5.618e-03
0.15450 1.12795 5.618e-03
0.15500 1.11212 5.618e-03
0.15550 1.12991 5.618e-03
0.15600 1.12232 5.618e-03
0.15650 1.11869 5.618e-03
0.15700 1.12362 5.618e-03
0.15750 1.11953 5.618e-03
0.15800 1.12325 5.618e-03
0.15850 1.12628 5.618e-03
0.15900 1.12318 5.618e-03
0.15950 1.12991 5.618e-03
0.16000 1.12363 5.618e-03
0.16050 1.12502 5.618e-03
0.16100 1.12013 5.618e-03
0.16150 1.11455 5.618e-03
0.16200 1.11932 5.618e-03
0.16250 1.12209 5.618e-03
0.16300 1.12151 5.618e-03
0.16350 1.12011 5.618e-03
0.16400 1.12069 5.618e-03
0.16450 1.12904 5.618e-03
0.16500 1.11917 5.618e-03
0.16550 1.12734 5.618e-03
0.16600 1.12201 5.618e-03
0.16650 1.12961 5.618e-03
0.16700 1.13156 5.618e-03
0.16750 1.13513 5.618e-03
0.16800 1.12546 5.618e-03
0.16850 1.12374 5.618e-03
0.16900 1.12737 5.618e-03
0.16950 1.12622 5.618e-03
0.17000 1.11902 5.618e-03
0.17050 1.12030 5.618e-03
0.17100 1.13102 5.618e-03
0.17150 1.12520 5.618e-03
0.17200 1.12953 5.618e-03
0.17250 1.11773 5.618e-03
0.17300 1.13171 5.618e-03
0.17350 1.12397 5.618e-03
0.17400 1.12739 5.618e-03
0.17450 1.12438 5.618e-03
0.17500 1.12020 5.618e-03
0.17550 1.12208 5.618e-03
0.17600 1.12484 5.618e-03
0.17650 1.13183 5.618e-03
0.17700 1.12180 5.618e-03
0.17750 1.12402 5.618e-03
0.17800 1.12257 5.618e-03
0.17850 1.12676 5.618e-03
0.17900 1.12610 5.618e-03
0.17950 1.12551 5.618e-03
0.18000 1.11284 5.618e-03
0.18050 1.12895 5.618e-03
0.18100 1.12404 5.618e-03
0.18150 1.12605 5.618e-03
0.18200 1.12662 5.618e-03
0.18250 1.12320 5.618e-03
0.18300 1.11638 5.618e-03
0.18350 1.12113 5.618e-03
0.18400 1.12023 5.618e-03
0.18450 1.12076 5.618e-03
0.18500 1.12794 5.618e-03
0.18550 1.13704 5.618e-03
0.18600 1.12133 5.618e-03
0.18650 1.12282 5.618e-03
0.18700 1.11988 5.618e-03
0.18750 1.11492 5.618e-03
0.18800 1.11426 5.618e-03
0.18850 1.12824 5.618e-03
0.18900 1.12176 5.618e-03
0.18950 1.12322 5.618e-03
0.19000 1.13055 5.618e-03
0.19050 1.11247 5.618e-03
0.19100 1.12191 5.618e-03
0.19150 1.11794 5.618e-03
0.19200 1.11862 5.618e-03
0.19250 1.11824 5.618e-03
0.19300 1.12929 5.618e-03
0.19350 1.11419 5.618e-03
0.19400 1.10596 5.618e-03
0.19450 1.12230 5.618e-03
0.19500 1.12755 5.618e-03
0.19550 1.12077 5.618e-03
0.19600 1.11129 5.618e-03
0.19650 1.11898 5.618e-03
0.19700 1.11716 5.618e-03
0.19750 1.11708 5.618e-03
0.19800 1.12374 5.618e-03
0.19850 1.12041 5.618e-03
0.19900 1.11145 5.618e-03
0.19950 1.12697 5.618e-03
0.20000 1.11792 5.618e-03
0.20050 1.12442 5.618e-03
0.20100 1.12616 5.618e-03
0.20150 1.13116 5.618e-03
0.20200 1.12874 5.618e-03
0.20250 1.11958 5.618e-03
0.20300 1.12313 5.618e-03
0.20350 1.12054 5.618e-03
0.20400 1.12724 5.618e-03
0.20450 1.12563 5.618e-03
0.20500 1.13364 5.618e-03
0.20550 1.12464 5.618e-03
0.20600 1.11508 5.618e-03
0.20650 1.11548 5.618e-03
0.20700 1.12576 5.618e-03
0.20750 1.12511 5.618e-03
0.20800 1.12234 5.618e-03
0.20850 1.12193 5.618e-03
0.20900 1.11716 5.618e-03
0.20950 1.12078 5.618e-03
0.21000 1.11194 5.618e-03
0.21050 1.12035 5.618e-03
0.21100 1.12530 5.618e-03
0.21150 1.12393 5.618e-03
0.21200 1.12110 5.618e-03
0.21250 1.11670 5.618e-03
0.21300 1.12102 5.618e-03
0.21350 1.12349 5.618e-03
0.21400 1.12945 5.618e-03
0.21450 1.11911 5.618e-03
0.21500 1.11820 5.618e-03
0.21550 1.12153 5.618e-03
0.21600 1.12600 5.618e-03
0.21650 1.12069 5.618e-03
0.21700 1.11547 5.618e-03
0.21750 1.12115 5.618e-03
0.21800 1.12269 5.618e-03
0.21850 1.12876 5.618e-03
0.21900 1.10943 5.618e-03
0.21950 1.12168 5.618e-03
0.22000 1.12449 5.618e-03
0.22050 1.12326 5.618e-03
0.22100 1.13946 5.618e-03
0.22150 1.12406 5.618e-03
0.22200 1.13427 5.618e-03
0.22250 1.12985 5.618e-03
0.22300 1.13248 5.618e-03
0.22350 1.12480 5.618e-03
0.22400 1.12770 5.618e-03
0.22450 1.12595 5.618e-03
0.22500 1.12275 5.618e-03
0.22550 1.12107 5.618e-03
0.22600 1.12976 5.618e-03
0.22650 1.12692 5.618e-03
0.22700 1.11826 5.618e-03
0.22750 1.12177 5.618e-03
0.22800 1.11528 5.618e-03
0.22850 1.11647 5.618e-03
0.22900 1.11222 5.618e-03
0.22950 1.11969 5.618e-03
0.23000 1.11368 5.618e-03
0.23050 1.11923 5.618e-03
0.23100 1.10989 5.618e-03
0.23150 1.13947 5.618e-03
0.23200 1.12137 5.618e-03
0.23250 1.12690 5.618e-03
0.23300 1.13218 5.618e-03
0.23350 1.12698 5.618e-03
0.23400 1.11488 5.618e-03
0.23450 1.12212 5.618e-03
0.23500 1.12275 5.618e-03
0.23550 1.13183 5.618e-03
0.23600 1.11659 5.618e-03
0.23650 1.11346 5.618e-03
0.23700 1.12908 5.618e-03
0.23750 1.12749 5.618e-03
0.23800 1.12832 5.618e-03
0.23850 1.12747 5.618e-03
0.23900 1.12153 5.618e-03
0.23950 1.11504 5.618e-03
0.24000 1.11296 5.618e-03
0.24050 1.12503 5.618e-03
0.24100 1.12469 5.618e-03
0.24150 1.12192 5.618e-03
0.24200 1.12793 5.618e-03
0.24250 1.12697 5.618e-03
0.24300 1.12192 5.618e-03
0.24350 1.12614 5.618e-03
0.24400 1.12270 5.618e-03
0.24450 1.12049 5.618e-03
0.24500 1.12945 5.618e-03
0.24550 1.13237 5.618e-03
0.24600 1.12959 5.618e-03
0.24650 1.12561 5.618e-03
0.24700 1.11804 5.618e-03
0.24750 1.12817 5.618e-03
0.24800 1.11677 5.618e-03
0.24850 1.12951 5.618e-03
0.24900 1.12408 5.618e-03
0.24950 1.12597 5.618e-03
0.25000 1.12285 5.618e-03
0.25050 1.12394 5.618e-03
0.25100 1.11598 5.618e-03
0.25150 1.11278 5.618e-03
0.25200 1.13026 5.618e-03
0.25250 1.10988 5.618e-03
0.25300 1.12210 5.618e-03
0.25350 1.11639 5.618e-03
0.25400 1.12247 5.618e-03
0.25450 1.12392 5.618e-03
0.25500 1.12293 5.618e-03
0.25550 1.12608 5.618e-03
0.25600 1.12927 5.618e-03
0.25650 1.11314 5.618e-03
0.25700 1.11697 5.618e-03
0.25750 1.12236 5.618e-03
0.25800 1.12143 5.618e-03
0.25850 1.12913 5.618e-03
0.25900 1.12633 5.618e-03
0.25950 1.12292 5.618e-03
0.26000 1.12124 5.618e-03
0.26050 1.12938 5.618e-03
0.26100 1.12397 5.618e-03
0.26150 1.12062 5.618e-03
0.26200 1.13009 5.618e-03
0.26250 1.11914 5.618e-03
0.26300 1.11701 5.618e-03
0.26350 1.11448 5.618e-03
0.26400 1.12539 5.618e-03
0.26450 1.12386 5.618e-03
0.26500 1.12327 5.618e-03
0.26550 1.11775 5.618e-03
0.26600 1.12326 5.618e-03
0.26650 1.12163 5.618e-03
0.26700 1.12384 5.618e-03
0.26750 1.11884 5.618e-03
0.26800 1.12404 5.618e-03
0.26850 1.11742 5.618e-03
0.26900 1.12705 5.618e-03
0.26950 1.12266 5.618e-03
0.27000 1.12217 5.618e-03
0.27050 1.11443 5.618e-03
0.27100 1.11997 5.618e-03
0.27150 1.11754 5.618e-03
0.27200 1.12281 5.618e-03
0.27250 1.11713 5.618e-03
0.27300 1.12207 5.618e-03
0.27350 1.12128 5.618e-03
0.27400 1.12272 5.618e-03
0.27450 1.12489 5.618e-03
0.27500 1.12763 5.618e-03
0.27550 1.12005 5.618e-03
0.27600 1.12197 5.618e-03
0.27650 1.12586 5.618e-03
0.27700 1.12289 5.618e-03
0.27750 1.11403 5.618e-03
0.27800 1.13258 5.618e-03
0.27850 1.11912 5.618e-03
0.27900 1.12546 5.618e-03
0.27950 1.11254 5.618e-03
0.28000 1.12214 5.618e-03
0.28050 1.12597 5.618e-03
0.28100 1.12996 5.618e-03
0.28150 1.12819 5.618e-03
0.28200 1.11468 5.618e-03
0.28250 1.12852 5.618e-03
0.28300 1.11886 5.618e-03
0.28350 1.12170 5.618e-03
0.28400 1.12152 5.618e-03
0.28450 1.12835 5.618e-03
0.28500 1.13109 5.618e-03
0.28550 1.12835 5.618e-03
0.28600 1.12628 5.618e-03
0.28650 1.11783 5.618e-03
0.28700 1.12650 5.618e-03
0.28750 1.11786 5.618e-03
0.28800 1.12542 5.618e-03
0.28850 1.12296 5.618e-03
0.28900 1.12936 5.618e-03
0.28950 1.12356 5.618e-03
0.29000 1.11596 5.618e-03
0.29050 1.11826 5.618e-03
0.29100 1.12777 5.618e-03
0.29150 1.11890 5.618e-03
0.29200 1.12164 5.618e-03
0.29250 1.11787 5.618e-03
0.29300 1.12029 5.618e-03
0.29350 1.13233 5.618e-03
0.29400 1.11915 5.618e-03
0.29450 1.12032 5.618e-03
0.29500 1.13008 5.618e-03
0.29550 1.12744 5.618e-03
0.29600 1.12017 5.618e-03
0.29650 1.11872 5.618e-03
0.29700 1.12305 5.618e-03
0.29750 1.12796 5.618e-03
0.29800 1.12682 5.618e-03
0.29850 1.11552 5.618e-03
0.29900 1.12385 5.618e-03
0.29950 1.11749 5.618e-03
0.30000 1.11473 5.618e-03
0.30050 1.11684 5.618e-03
0.30100 1.11357 5.618e-03
0.30150 1.12429 5.618e-03
0.30200 1.12906 5.618e-03
0.30250 1.12269 5.618e-03
0.30300 1.12291 5.618e-03
0.30350 1.11755 5.618e-03
0.30400 1.12975 5.618e-03
0.30450 1.12335 5.618e-03
0.30500 1.12470 5.618e-03
0.30550 1.12318 5.618e-03
0.30600 1.12766 5.618e-03
0.30650 1.12106 5.618e-03
0.30700 1.12101 5.618e-03
0.30750 1.12734 5.618e-03
0.30800 1.12860 5.618e-03
0.30850 1.12760 5.618e-03
0.30900 1.12424 5.618e-03
0.30950 1.11812 5.618e-03
0.31000 1.11929 5.618e-03
0.31050 1.12269 5.618e-03
0.31100 1.11629 5.618e-03
0.31150 1.12439 5.618e-03
0.31200 1.12138 5.618e-03
0.31250 1.13390 5.618e-03
0.31300 1.12002 5.618e-03
0.31350 1.13283 5.618e-03
0.31400 1.12689 5.618e-03
0.31450 1.12398 5.618e-03
0.31500 1.12258 5.618e-03
0.31550 1.12593 5.618e-03
0.31600 1.11497 5.618e-03
0.31650 1.11977 5.618e-03
0.31700 1.12619 5.618e-03
0.31750 1.11825 5.618e-03
0.31800 1.12500 5.618e-03
0.31850 1.11968 5.618e-03
0.31900 1.12750 5.618e-03
0.31950 1.12508 5.618e-03
0.32000 1.12175 5.618e-03
0.32050 1.11593 5.618e-03
0.32100 1.12145 5.618e-03
0.32150 1.11775 5.618e-03
0.32200 1.11534 5.618e-03
0.32250 1.12124 5.618e-03
0.32300 1.11198 5.618e-03
0.32350 1.12135 5.618e-03
0.32400 1.11833 5.618e-03
0.32450 1.11639 5.618e-03
0.32500 1.13139 5.618e-03
0.32550 1.12735 5.618e-03
0.32600 1.12678 5.618e-03
0.32650 1.12925 5.618e-03
0.32700 1.11591 5.618e-03
0.32750 1.12521 5.618e-03
0.32800 1.12945 5.618e-03
0.32850 1.12401 5.618e-03
0.32900 1.12872 5.618e-03
0.32950 1.12711 5.618e-03
0.33000 1.13050 5.618e-03
0.33050 1.12549 5.618e-03
0.33100 1.12038 5.618e-03
0.33150 1.11834 5.618e-03
0.33200 1.13213 5.618e-03
0.33250 1.12033 5.618e-03
0.33300 1.12089 5.618e-03
0.33350 1.11900 5.618e-03
0.33400 1.12917 5.618e-03
0.33450 1.12282 5.618e-03
0.33500 1.12875 5.618e-03
0.33550 1.11422 5.618e-03
0.33600 1.12977 5.618e-03
0.33650 1.12019 5.618e-03
0.33700 1.12174 5.618e-03
0.33750 1.12678 5.618e-03
0.33800 1.12705 5.618e-03
0.33850 1.12440 5.618e-03
0.33900 1.11752 5.618e-03
0.33950 1.12395 5.618e-03
0.34000 1.12120 5.618e-03
0.34050 1.12522 5.618e-03
0.34100 1.11767 5.618e-03
0.34150 1.12713 5.618e-03
0.34200 1.12028 5.618e-03
0.34250 1.12685 5.618e-03
0.34300 1.11765 5.618e-03
0.34350 1.11740 5.618e-03
0.34400 1.11912 5.618e-03
0.34450 1.12455 5.618e-03
0.34500 1.12942 5.618e-03
0.34550 1.11951 5.618e-03
0.34600 1.12479 5.618e-03
0.34650 1.12831 5.618e-03
0.34700 1.13044 5.618e-03
0.34750 1.12446 5.618e-03
0.34800 1.13178 5.618e-03
0.34850 1.12209 5.618e-03
0.34900 1.12889 5.618e-03
0.34950 1.11935 5.618e-03
0.35000 1.12821 5.618e-03
0.35050 1.12409 5.618e-03
0.35100 1.13063 5.618e-03
0.35150 1.12868 5.618e-03
0.35200 1.12067 5.618e-03
0.35250 1.11939 5.618e-03
0.35300 1.12056 5.618e-03
0.35350 1.12822 5.618e-03
0.35400 1.12535 5.618e-03
0.35450 1.12955 5.618e-03
0.35500 1.13123 5.618e-03
0.35550 1.12290 5.618e-03
0.35600 1.12731 5.618e-03
0.35650 1.12194 5.618e-03
0.35700 1.12340 5.618e-03
0.35750 1.11786 5.618e-03
0.35800 1.12415 5.618e-03
0.35850 1.12750 5.618e-03
0.35900 1.12226 5.618e-03
0.35950 1.11212 5.618e-03
0.36000 1.11753 5.618e-03
0.36050 1.11477 5.618e-03
0.36100 1.12367 5.618e-03
0.36150 1.12349 5.618e-03
0.36200 1.12961 5.618e-03
0.36250 1.11896 5.618e-03
0.36300 1.12698 5.618e-03
0.36350 1.12123 5.618e-03
0.36400 1.12359 5.618e-03
0.36450 1.13313 5.618e-03
0.36500 1.11927 5.618e-03
0.36550 1.12393 5.618e-03
0.36600 1.11511 5.618e-03
0.36650 1.12327 5.618e-03
0.36700 1.11598 5.618e-03
0.36750 1.11500 5.618e-03
0.36800 1.12397 5.618e-03
0.36850 1.12014 5.618e-03
0.36900 1.12738 5.618e-03
0.36950 1.12859 5.618e-03
0.37000 1.11952 5.618e-03
0.37050 1.12712 5.618e-03
0.37100 1.12591 5.618e-03
0.37150 1.13196 5.618e-03
0.37200 1.12819 5.618e-03
0.37250 1.11712 5.618e-03
0.37300 1.13383 5.618e-03
0.37350 1.12781 5.618e-03
0.37400 1.11852 5.618e-03
0.37450 1.11823 5.618e-03
0.37500 1.10800 5.618e-03
0.37550 1.12163 5.618e-03
0.37600 1.13192 5.618e-03
0.37650 1.12097 5.618e-03
0.37700 1.12226 5.618e-03
0.37750 1.11593 5.618e-03
0.37800 1.11440 5.618e-03
0.37850 1.12492 5.618e-03
0.37900 1.11863 5.618e-03
0.37950 1.12717 5.618e-03
0.38000 1.12301 5.618e-03
0.38050 1.12145 5.618e-03
0.38100 1.12191 5.618e-03
0.38150 1.12899 5.618e-03
0.38200 1.12430 5.618e-03
0.38250 1.12974 5.618e-03
0.38300 1.11916 5.618e-03
0.38350 1.12077 5.618e-03
0.38400 1.12726 5.618e-03
0.38450 1.12746 5.618e-03
0.38500 1.12750 5.618e-03
0.38550 1.12522 5.618e-03
0.38600 1.12953 5.618e-03
0.38650 1.11849 5.618e-03
0.38700 1.12571 5.618e-03
0.38750 1.11546 5.618e-03
0.38800 1.12126 5.618e-03
0.38850 1.12382 5.618e-03
0.38900 1.12355 5.618e-03
0.38950 1.12572 5.618e-03
0.39000 1.11719 5.618e-03
0.39050 1.12802 5.618e-03
0.39100 1.12258 5.618e-03
0.39150 1.11529 5.618e-03
0.39200 1.11792 5.618e-03
0.39250 1.11735 5.618e-03
0.39300 1.11995 5.618e-03
0.39350 1.12115 5.618e-03
0.39400 1.12908 5.618e-03
0.39450 1.12328 5.618e-03
0.39500 1.12313 5.618e-03
0.39550 1.12022 5.618e-03
0.39600 1.12314 5.618e-03
0.39650 1.11457 5.618e-03
0.39700 1.12661 5.618e-03
0.39750 1.11629 5.618e-03
0.39800 1.11750 5.618e-03
0.39850 1.12848 5.618e-03
0.39900 1.12736 5.618e-03
0.39950 1.11933 5.618e-03
0.40000 1.12313 5.618e-03
0.40050 1.12174 5.618e-03
0.40100 1.12731 5.618e-03
0.40150 1.11014 5.618e-03
0.40200 1.12062 5.618e-03
0.40250 1.12040 5.618e-03
0.40300 1.11901 5.618e-03
0.40350 1.11725 5.618e-03
0.40400 1.12270 5.618e-03
0.40450 1.12047 5.618e-03
0.40500 1.12628 5.618e-03
0.40550 1.11860 5.618e-03
0.40600 1.13080 5.618e-03
0.40650 1.13504 5.618e-03
0.40700 1.12153 5.618e-03
0.40750 1.11928 5.618e-03
0.40800 1.12579 5.618e-03
0.40850 1.13181 5.618e-03
0.40900 1.11785 5.618e-03
0.40950 1.12315 5.618e-03
0.41000 1.12022 5.618e-03
0.41050 1.12823 5.618e-03
0.41100 1.12408 5.618e-03
0.41150 1.12765 5.618e-03
0.41200 1.12803 5.618e-03
0.41250 1.13226 5.618e-03
0.41300 1.12030 5.618e-03
0.41350 1.13128 5.618e-03
0.41400 1.11932 5.618e-03
0.41450 1.12302 5.618e-03
0.41500 1.11578 5.618e-03
0.41550 1.11724 5.618e-03
0.41600 1.12630 5.618e-03
0.41650 1.12225 5.618e-03
0.41700 1.12506 5.618e-03
0.41750 1.11729 5.618e-03
0.41800 1.12238 5.618e-03
0.41850 1.12992 5.618e-03
0.41900 1.12159 5.618e-03
0.41950 1.11678 5.618e-03
0.42000 1.11850 5.618e-03
0.42050 1.13536 5.618e-03
0.42100 1.12529 5.618e-03
0.42150 1.12795 5.618e-03
0.42200 1.13399 5.618e-03
0.42250 1.13562 5.618e-03
0.42300 1.12666 5.618e-03
0.42350 1.12073 5.618e-03
0.42400 1.12230 5.618e-03
0.42450 1.12084 5.618e-03
0.42500 1.12593 5.618e-03
0.42550 1.12170 5.618e-03
0.42600 1.11965 5.618e-03
0.42650 1.12018 5.618e-03
0.42700 1.12942 5.618e-03
0.42750 1.12607 5.618e-03
0.42800 1.12540 5.618e-03
0.42850 1.12069 5.618e-03
0.42900 1.12204 5.618e-03
0.42950 1.12522 5.618e-03
0.43000 1.12573 5.618e-03
0.43050 1.12513 5.618e-03
0.43100 1.12546 5.618e-03
0.43150 1.13229 5.618e-03
0.43200 1.12287 5.618e-03
0.43250 1.11763 5.618e-03
0.43300 1.12718 5.618e-03
0.43350 1.13357 5.618e-03
0.43400 1.12626 5.618e-03
0.43450 1.11914 5.618e-03
0.43500 1.11818 5.618e-03
0.43550 1.12409 5.618e-03
0.43600 1.12184 5.618e-03
0.43650 1.11826 5.618e-03
0.43700 1.11655 5.618e-03
0.43750 1.12468 5.618e-03
0.43800 1.11640 5.618e-03
0.43850 1.12056 5.618e-03
0.43900 1.11365 5.618e-03
0.43950 1.12017 5.618e-03
0.44000 1.10861 5.618e-03
0.44050 1.12454 5.618e-03
0.44100 1.10631 5.618e-03
0.44150 1.10772 5.618e-03
0.44200 1.10815 5.618e-03
0.44250 1.12159 5.618e-03
0.44300 1.12324 5.618e-03
0.44350 1.11924 5.618e-03
0.44400 1.10797 5.618e-03
0.44450 1.10399 5.618e-03
0.44500 1.10433 5.618e-03
0.44550 1.10770 5.618e-03
0.44600 1.11051 5.618e-03
0.44650 1.10773 5.618e-03
0.44700 1.09991 5.618e-03
0.44750 1.09599 5.618e-03
0.44800 1.10894 5.618e-03
0.44850 1.08540 5.618e-03
0.44900 1.09287 5.618e-03
0.44950 1.09397 5.618e-03
0.45000 1.09173 5.618e-03
0.45050 1.09342 5.618e-03
0.45100 1.09739 5.618e-03
0.45150 1.09276 5.618e-03
0.45200 1.08432 5.618e-03
0.45250 1.08832 5.618e-03
0.45300 1.07884 5.618e-03
0.45350 1.08670 5.618e-03
0.45400 1.09365 5.618e-03
0.45450 1.10105 5.618e-03
0.45500 1.08782 5.618e-03
0.45550 1.08678 5.618e-03
0.45600 1.07988 5.618e-03
0.45650 1.08203 5.618e-03
0.45700 1.08057 5.618e-03
0.45750 1.07028 5.618e-03
0.45800 1.07900 5.618e-03
0.45850 1.07464 5.618e-03
0.45900 1.07866 5.618e-03
0.45950 1.07422 5.618e-03
0.46000 1.06626 5.618e-03
0.46050 1.06717 5.618e-03
0.46100 1.05743 5.618e-03
0.46150 1.07559 5.618e-03
0.46200 1.07189 5.618e-03
0.46250 1.05855 5.618e-03
0.46300 1.06884 5.618e-03
0.46350 1.06197 5.618e-03
0.46400 1.05971 5.618e-03
0.46450 1.06173 5.618e-03
0.46500 1.06691 5.618e-03
0.46550 1.05692 5.618e-03
0.46600 1.05825 5.618e-03
0.46650 1.04703 5.618e-03
0.46700 1.05284 5.618e-03
0.46750 1.04136 5.618e-03
0.46800 1.05664 5.618e-03
0.46850 1.04885 5.618e-03
0.46900 1.04976 5.618e-03
0.46950 1.03679 5.618e-03
0.47000 1.04864 5.618e-03
0.47050 1.05127 5.618e-03
0.47100 1.04934 5.618e-03
0.47150 1.04489 5.618e-03
0.47200 1.04395 5.618e-03
0.47250 1.03337 5.618e-03
0.47300 1.04151 5.618e-03
0.47350 1.03921 5.618e-03
0.47400 1.04248 5.618e-03
0.47450 1.02922 5.618e-03
0.47500 1.02870 5.618e-03
0.47550 1.03212 5.618e-03
0.47600 1.03488 5.618e-03
0.47650 1.03855 5.618e-03
0.47700 1.03267 5.618e-03
0.47750 1.03001 5.618e-03
0.47800 1.02553 5.618e-03
0.47850 1.04301 5.618e-03
0.47900 1.03464 5.618e-03
0.47950 1.02213 5.618e-03
0.48000 1.03628 5.618e-03
0.48050 1.02674 5.618e-03
0.48100 1.03399 5.618e-03
0.48150 1.02852 5.618e-03
0.48200 1.03076 5.618e-03
0.48250 1.03638 5.618e-03
0.48300 1.03209 5.618e-03
0.48350 1.02689 5.618e-03
0.48400 1.02861 5.618e-03
0.48450 1.04247 5.618e-03
0.48500 1.03098 5.618e-03
0.48550 1.02914 5.618e-03
0.48600 1.03630 5.618e-03
0.48650 1.03613 5.618e-03
0.48700 1.03487 5.618e-03
0.48750 1.03273 5.618e-03
0.48800 1.02435 5.618e-03
0.48850 1.03178 5.618e-03
0.48900 1.02680 5.618e-03
0.48950 1.03973 5.618e-03
0.49000 1.02974 5.618e-03
0.49050 1.02520 5.618e-03
0.49100 1.01717 5.618e-03
0.49150 1.02943 5.618e-03
0.49200 1.03525 5.618e-03
0.49250 1.02957 5.618e-03
0.49300 1.03013 5.618e-03
0.49350 1.03982 5.618e-03
0.49400 1.02792 5.618e-03
0.49450 1.02068 5.618e-03
0.49500 1.02141 5.618e-03
0.49550 1.02231 5.618e-03
0.49600 1.03044 5.618e-03
0.49650 1.03043 5.618e-03
0.49700 1.02447 5.618e-03
0.49750 1.02970 5.618e-03
0.49800 1.04113 5.618e-03
0.49850 1.02757 5.618e-03
0.49900 1.02776 5.618e-03
0.49950 1.04034 5.618e-03
0.50000 1.01825 5.618e-03
0.50050 1.02587 5.618e-03
0.50100 1.03566 5.618e-03
0.50150 1.03085 5.618e-03
0.50200 1.02964 5.618e-03
0.50250 1.03457 5.618e-03
0.50300 1.02434 5.618e-03
0.50350 1.03012 5.618e-03
0.50400 1.02542 5.618e-03
0.50450 1.03422 5.618e-03
0.50500 1.02958 5.618e-03
0.50550 1.02625 5.618e-03
0.50600 1.03093 5.618e-03
0.50650 1.02346 5.618e-03
0.50700 1.03679 5.618e-03
0.50750 1.03256 5.618e-03
0.50800 1.02858 5.618e-03
0.50850 1.03626 5.618e-03
0.50900 1.03282 5.618e-03
0.50950 1.03288 5.618e-03
0.51000 1.02566 5.618e-03
0.51050 1.03113 5.618e-03
0.51100 1.03044 5.618e-03
0.51150 1.02578 5.618e-03
0.51200 1.03672 5.618e-03
0.51250 1.02228 5.618e-03
0.51300 1.03191 5.618e-03
0.51350 1.03147 5.618e-03
0.51400 1.03296 5.618e-03
0.51450 1.02644 5.618e-03
0.51500 1.02425 5.618e-03
0.51550 1.03104 5.618e-03
0.51600 1.02737 5.618e-03
0.51650 1.02104 5.618e-03
0.51700 1.03932 5.618e-03
0.51750 1.02444 5.618e-03
0.51800 1.02606 5.618e-03
0.51850 1.02960 5.618e-03
0.51900 1.02915 5.618e-03
0.51950 1.02676 5.618e-03
0.52000 1.02702 5.618e-03
0.52050 1.03089 5.618e-03
0.52100 1.03357 5.618e-03
0.52150 1.02629 5.618e-03
0.52200 1.03282 5.618e-03
0.52250 1.02600 5.618e-03
0.52300 1.03193 5.618e-03
0.52350 1.03209 5.618e-03
0.52400 1.04498 5.618e-03
0.52450 1.03129 5.618e-03
0.52500 1.04585 5.618e-03
0.52550 1.03247 5.618e-03
0.52600 1.02861 5.618e-03
0.52650 1.05476 5.618e-03
0.52700 1.03346 5.618e-03
0.52750 1.03926 5.618e-03
0.52800 1.03486 5.618e-03
0.52850 1.03794 5.618e-03
0.52900 1.03807 5.618e-03
0.52950 1.05003 5.618e-03
0.53000 1.04164 5.618e-03
0.53050 1.05567 5.618e-03
0.53100 1.05057 5.618e-03
0.53150 1.05814 5.618e-03
0.53200 1.05007 5.618e-03
0.53250 1.05955 5.618e-03
0.53300 1.05403 5.618e-03
0.53350 1.04742 5.618e-03
0.53400 1.05434 5.618e-03
0.53450 1.04999 5.618e-03
0.53500 1.06147 5.618e-03
0.53550 1.06963 5.618e-03
0.53600 1.06468 5.618e-03
0.53650 1.05556 5.618e-03
0.53700 1.06984 5.618e-03
0.53750 1.06530 5.618e-03
0.53800 1.06880 5.618e-03
0.53850 1.06960 5.618e-03
0.53900 1.05822 5.618e-03
0.53950 1.07147 5.618e-03
0.54000 1.07412 5.618e-03
0.54050 1.07045 5.618e-03
0.54100 1.07746 5.618e-03
0.54150 1.07780 5.618e-03
0.54200 1.07926 5.618e-03
0.54250 1.07530 5.618e-03
0.54300 1.07769 5.618e-03
0.54350 1.07338 5.618e-03
0.54400 1.08233 5.618e-03
0.54450 1.08199 5.618e-03
0.54500 1.08966 5.618e-03
0.54550 1.08807 5.618e-03
0.54600 1.09430 5.618e-03
0.54650 1.09483 5.618e-03
0.54700 1.09181 5.618e-03
0.54750 1.08842 5.618e-03
0.54800 1.09713 5.618e-03
0.54850 1.08995 5.618e-03
0.54900 1.08155 5.618e-03
0.54950 1.09935 5.618e-03
0.55000 1.08903 5.618e-03
0.55050 1.09202 5.618e-03
0.55100 1.10116 5.618e-03
0.55150 1.10317 5.618e-03
0.55200 1.10018 5.618e-03
0.55250 1.10322 5.618e-03
0.55300 1.09935 5.618e-03
0.55350 1.10581 5.618e-03
0.55400 1.08593 5.618e-03
0.55450 1.10529 5.618e-03
0.55500 1.11431 5.618e-03
0.55550 1.10850 5.618e-03
0.55600 1.10993 5.618e-03
0.55650 1.10447 5.618e-03
0.55700 1.11062 5.618e-03
0.55750 1.10505 5.618e-03
0.55800 1.11815 5.618e-03
0.55850 1.10820 5.618e-03
0.55900 1.10983 5.618e-03
0.55950 1.12144 5.618e-03
0.56000 1.12099 5.618e-03
0.56050 1.11425 5.618e-03
0.56100 1.11940 5.618e-03
0.56150 1.11551 5.618e-03
0.56200 1.11500 5.618e-03
0.56250 1.11494 5.618e-03
0.56300 1.11716 5.618e-03
0.56350 1.12470 5.618e-03
0.56400 1.10862 5.618e-03
0.56450 1.11678 5.618e-03
0.56500 1.12212 5.618e-03
0.56550 1.12392 5.618e-03
0.56600 1.13014 5.618e-03
0.56650 1.11561 5.618e-03
0.56700 1.12513 5.618e-03
0.56750 1.11947 5.618e-03
0.56800 1.11895 5.618e-03
0.56850 1.12074 5.618e-03
0.56900 1.11568 5.618e-03
0.56950 1.11619 5.618e-03
0.57000 1.11926 5.618e-03
0.57050 1.12384 5.618e-03
0.57100 1.12989 5.618e-03
0.57150 1.12577 5.618e-03
0.57200 1.12419 5.618e-03
0.57250 1.12482 5.618e-03
0.57300 1.12125 5.618e-03
0.57350 1.12407 5.618e-03
0.57400 1.12593 5.618e-03
0.57450 1.12079 5.618e-03
0.57500 1.12113 5.618e-03
0.57550 1.12049 5.618e-03
0.57600 1.11939 5.618e-03
0.57650 1.13100 5.618e-03
0.57700 1.13257 5.618e-03
0.57750 1.12354 5.618e-03
0.57800 1.13331 5.618e-03
0.57850 1.11737 5.618e-03
0.57900 1.12330 5.618e-03
0.57950 1.12398 5.618e-03
0.58000 1.11795 5.618e-03
0.58050 1.12273 5.618e-03
0.58100 1.12437 5.618e-03
0.58150 1.12198 5.618e-03
0.58200 1.12199 5.618e-03
0.58250 1.11520 5.618e-03
0.58300 1.12642 5.618e-03
0.58350 1.12869 5.618e-03
0.58400 1.12043 5.618e-03
0.58450 1.11970 5.618e-03
0.58500 1.12775 5.618e-03
0.58550 1.11970 5.618e-03
0.58600 1.11762 5.618e-03
0.58650 1.11968 5.618e-03
0.58700 1.12468 5.618e-03
0.58750 1.11940 5.618e-03
0.58800 1.12504 5.618e-03
0.58850 1.12515 5.618e-03
0.58900 1.13035 5.618e-03
0.58950 1.12189 5.618e-03
0.59000 1.12137 5.618e-03
0.59050 1.13072 5.618e-03
0.59100 1.12181 5.618e-03
0.59150 1.12124 5.618e-03
0.59200 1.11577 5.618e-03
0.59250 1.12190 5.618e-03
0.59300 1.12408 5.618e-03
0.59350 1.12864 5.618e-03
0.59400 1.11760 5.618e-03
0.59450 1.12543 5.618e-03
0.59500 1.12167 5.618e-03
0.59550 1.12753 5.618e-03
0.59600 1.12665 5.618e-03
0.59650 1.12045 5.618e-03
0.59700 1.11999 5.618e-03
0.59750 1.13319 5.618e-03
0.59800 1.11963 5.618e-03
0.59850 1.11606 5.618e-03
0.59900 1.12875 5.618e-03
0.59950 1.12783 5.618e-03
0.60000 1.12243 5.618e-03
0.60050 1.11842 5.618e-03
0.60100 1.11532 5.618e-03
0.60150 1.12821 5.618e-03
0.60200 1.11525 5.618e-03
0.60250 1.12798 5.618e-03
0.60300 1.13139 5.618e-03
0.60350 1.10918 5.618e-03
0.60400 1.11809 5.618e-03
0.60450 1.13282 5.618e-03
0.60500 1.12060 5.618e-03
0.60550 1.12191 5.618e-03
0.60600 1.12008 5.618e-03
0.60650 1.11847 5.618e-03
0.60700 1.11398 5.618e-03
0.60750 1.12782 5.618e-03
0.60800 1.12438 5.618e-03
0.60850 1.13064 5.618e-03
0.60900 1.13035 5.618e-03
0.60950 1.12361 5.618e-03
0.61000 1.11480 5.618e-03
0.61050 1.12715 5.618e-03
0.61100 1.12617 5.618e-03
0.61150 1.12698 5.618e-03
0.61200 1.13611 5.618e-03
0.61250 1.12602 5.618e-03
0.61300 1.11466 5.618e-03
0.61350 1.12872 5.618e-03
0.61400 1.11794 5.618e-03
0.61450 1.12536 5.618e-03
0.61500 1.12770 5.618e-03
0.61550 1.12052 5.618e-03
0.61600 1.12591 5.618e-03
0.61650 1.12220 5.618e-03
0.61700 1.12631 5.618e-03
0.61750 1.12447 5.618e-03
0.61800 1.13623 5.618e-03
0.61850 1.12636 5.618e-03
0.61900 1.12101 5.618e-03
0.61950 1.12190 5.618e-03
0.62000 1.12587 5.618e-03
0.62050 1.12782 5.618e-03
0.62100 1.11619 5.618e-03
0.62150 1.12537 5.618e-03
0.62200 1.11986 5.618e-03
0.62250 1.12660 5.618e-03
0.62300 1.12009 5.618e-03
0.62350 1.12474 5.618e-03
0.62400 1.11686 5.618e-03
0.62450 1.11827 5.618e-03
0.62500 1.12824 5.618e-03
0.62550 1.12649 5.618e-03
0.62600 1.12434 5.618e-03
0.62650 1.12540 5.618e-03
0.62700 1.12205 5.618e-03
0.62750 1.13006 5.618e-03
0.62800 1.12269 5.618e-03
0.62850 1.12637 5.618e-03
0.62900 1.13029 5.618e-03
0.62950 1.12215 5.618e-03
0.63000 1.11403 5.618e-03
0.63050 1.11575 5.618e-03
0.63100 1.12919 5.618e-03
0.63150 1.12134 5.618e-03
0.63200 1.13656 5.618e-03
0.63250 1.12671 5.618e-03
0.63300 1.12188 5.618e-03
0.63350 1.11208 5.618e-03
0.63400 1.12262 5.618e-03
0.63450 1.12393 5.618e-03
0.63500 1.11967 5.618e-03
0.63550 1.12559 5.618e-03
0.63600 1.12219 5.618e-03
0.63650 1.12483 5.618e-03
0.63700 1.12892 5.618e-03
0.63750 1.12678 5.618e-03
0.63800 1.12123 5.618e-03
0.63850 1.12546 5.618e-03
0.63900 1.11412 5.618e-03
0.63950 1.12625 5.618e-03
0.64000 1.12219 5.618e-03
0.64050 1.12171 5.618e-03
0.64100 1.12698 5.618e-03
0.64150 1.12370 5.618e-03
0.64200 1.12256 5.618e-03
0.64250 1.11702 5.618e-03
0.64300 1.12447 5.618e-03
0.64350 1.12429 5.618e-03
0.64400 1.12099 5.618e-03
0.64450 1.12174 5.618e-03
0.64500 1.11109 5.618e-03
0.64550 1.11633 5.618e-03
0.64600 1.11343 5.618e-03
0.64650 1.12810 5.618e-03
0.64700 1.12336 5.618e-03
0.64750 1.13021 5.618e-03
0.64800 1.11925 5.618e-03
0.64850 1.13001 5.618e-03
0.64900 1.13454 5.618e-03
0.64950 1.12865 5.618e-03
0.65000 1.11953 5.618e-03
0.65050 1.12445 5.618e-03
0.65100 1.11595 5.618e-03
0.65150 1.11866 5.618e-03
0.65200 1.13099 5.618e-03
0.65250 1.13189 5.618e-03
0.65300 1.12738 5.618e-03
0.65350 1.12078 5.618e-03
0.65400 1.12123 5.618e-03
0.65450 1.12656 5.618e-03
0.65500 1.12213 5.618e-03
0.65550 1.12387 5.618e-03
0.65600 1.12588 5.618e-03
0.65650 1.12952 5.618e-03
0.65700 1.13087 5.618e-03
0.65750 1.12350 5.618e-03
0.65800 1.11677 5.618e-03
0.65850 1.12903 5.618e-03
0.65900 1.11899 5.618e-03
0.65950 1.13084 5.618e-03
0.66000 1.11542 5.618e-03
0.66050 1.11487 5.618e-03
0.66100 1.12333 5.618e-03
0.66150 1.12410 5.618e-03
0.66200 1.13472 5.618e-03
0.66250 1.12947 5.618e-03
0.66300 1.12208 5.618e-03
0.66350 1.11474 5.618e-03
0.66400 1.11685 5.618e-03
0.66450 1.12648 5.618e-03
0.66500 1.12166 5.618e-03
0.66550 1.12411 5.618e-03
0.66600 1.12792 5.618e-03
0.66650 1.12512 5.618e-03
0.66700 1.12679 5.618e-03
0.66750 1.11530 5.618e-03
0.66800 1.12685 5.618e-03
0.66850 1.12521 5.618e-03
0.66900 1.12517 5.618e-03
0.66950 1.11373 5.618e-03
0.67000 1.12047 5.618e-03
0.67050 1.12500 5.618e-03
0.67100 1.13340 5.618e-03
0.67150 1.12094 5.618e-03
0.67200 1.11353 5.618e-03
0.67250 1.12264 5.618e-03
0.67300 1.12442 5.618e-03
0.67350 1.12260 5.618e-03
0.67400 1.12283 5.618e-03
0.67450 1.12430 5.618e-03
0.67500 1.12036 5.618e-03
0.67550 1.13135 5.618e-03
0.67600 1.13485 5.618e-03
0.67650 1.12103 5.618e-03
0.67700 1.11734 5.618e-03
0.67750 1.13039 5.618e-03
0.67800 1.12492 5.618e-03
0.67850 1.13008 5.618e-03
0.67900 1.12267 5.618e-03
0.67950 1.12690 5.618e-03
0.68000 1.12290 5.618e-03
0.68050 1.12947 5.618e-03
0.68100 1.12683 5.618e-03
0.68150 1.12355 5.618e-03
0.68200 1.11889 5.618e-03
0.68250 1.12076 5.618e-03
0.68300 1.11846 5.618e-03
0.68350 1.12167 5.618e-03
0.68400 1.12937 5.618e-03
0.68450 1.12676 5.618e-03
0.68500 1.12013 5.618e-03
0.68550 1.11876 5.618e-03
0.68600 1.11817 5.618e-03
0.68650 1.11422 5.618e-03
0.68700 1.12666 5.618e-03
0.68750 1.11442 5.618e-03
0.68800 1.12751 5.618e-03
0.68850 1.13534 5.618e-03
0.68900 1.12160 5.618e-03
0.68950 1.13458 5.618e-03
0.69000 1.12753 5.618e-03
0.69050 1.12287 5.618e-03
0.69100 1.12859 5.618e-03
0.69150 1.13722 5.618e-03
0.69200 1.11828 5.618e-03
0.69250 1.11540 5.618e-03
0.69300 1.12199 5.618e-03
0.69350 1.11925 5.618e-03
0.69400 1.12826 5.618e-03
0.69450 1.12602 5.618e-03
0.69500 1.12205 5.618e-03
0.69550 1.12273 5.618e-03
0.69600 1.12004 5.618e-03
0.69650 1.11813 5.618e-03
0.69700 1.12204 5.618e-03
0.69750 1.12355 5.618e-03
0.69800 1.11979 5.618e-03
0.69850 1.11609 5.618e-03
0.69900 1.13068 5.618e-03
0.69950 1.12292 5.618e-03
0.70000 1.12365 5.618e-03
0.70050 1.13154 5.618e-03
0.70100 1.12806 5.618e-03
0.70150 1.11854 5.618e-03
0.70200 1.13554 5.618e-03
0.70250 1.12582 5.618e-03
0.70300 1.11946 5.618e-03
0.70350 1.12786 5.618e-03
0.70400 1.12577 5.618e-03
0.70450 1.12887 5.618e-03
0.70500 1.11405 5.618e-03
0.70550 1.12628 5.618e-03
0.70600 1.11942 5.618e-03
0.70650 1.12825 5.618e-03
0.70700 1.12766 5.618e-03
0.70750 1.12824 5.618e-03
0.70800 1.12463 5.618e-03
0.70850 1.12811 5.618e-03
0.70900 1.13097 5.618e-03
0.70950 1.11690 5.618e-03
0.71000 1.11896 5.618e-03
0.71050 1.13202 5.618e-03
0.71100 1.12493 5.618e-03
0.71150 1.11843 5.618e-03
0.71200 1.11592 5.618e-03
0.71250 1.11889 5.618e-03
0.71300 1.12691 5.618e-03
0.71350 1.11814 5.618e-03
0.71400 1.12349 5.618e-03
0.71450 1.13096 5.618e-03
0.71500 1.13308 5.618e-03
0.71550 1.12608 5.618e-03
0.71600 1.12798 5.618e-03
0.71650 1.12267 5.618e-03
0.71700 1.12582 5.618e-03
0.71750 1.12307 5.618e-03
0.71800 1.12483 5.618e-03
0.71850 1.13403 5.618e-03
0.71900 1.12299 5.618e-03
0.71950 1.12614 5.618e-03
0.72000 1.12152 5.618e-03
0.72050 1.12253 5.618e-03
0.72100 1.12705 5.618e-03
0.72150 1.12558 5.618e-03
0.72200 1.12874 5.618e-03
0.72250 1.11476 5.618e-03
0.72300 1.13133 5.618e-03
0.72350 1.12212 5.618e-03
0.72400 1.12267 5.618e-03
0.72450 1.13001 5.618e-03
0.72500 1.11788 5.618e-03
0.72550 1.12961 5.618e-03
0.72600 1.12045 5.618e-03
0.72650 1.13025 5.618e-03
0.72700 1.12383 5.618e-03
0.72750 1.13005 5.618e-03
0.72800 1.12749 5.618e-03
0.72850 1.12230 5.618e-03
0.72900 1.11747 5.618e-03
0.72950 1.12383 5.618e-03
0.73000 1.12353 5.618e-03
0.73050 1.11932 5.618e-03
0.73100 1.12173 5.618e-03
0.73150 1.12583 5.618e-03
0.73200 1.13282 5.618e-03
0.73250 1.12735 5.618e-03
0.73300 1.11416 5.618e-03
0.73350 1.11589 5.618e-03
0.73400 1.12047 5.618e-03
0.73450 1.12480 5.618e-03
0.73500 1.12556 5.618e-03
0.73550 1.12411 5.618e-03
0.73600 1.12438 5.618e-03
0.73650 1.12209 5.618e-03
0.73700 1.12572 5.618e-03
0.73750 1.12490 5.618e-03
0.73800 1.12202 5.618e-03
0.73850 1.12128 5.618e-03
0.73900 1.12694 5.618e-03
0.73950 1.12782 5.618e-03
0.74000 1.12153 5.618e-03
0.74050 1.13223 5.618e-03
0.74100 1.12046 5.618e-03
0.74150 1.11976 5.618e-03
0.74200 1.10675 5.618e-03
0.74250 1.12359 5.618e-03
0.74300 1.12212 5.618e-03
0.74350 1.14166 5.618e-03
0.74400 1.12422 5.618e-03
0.74450 1.11698 5.618e-03
0.74500 1.12477 5.618e-03
0.74550 1.12898 5.618e-03
0.74600 1.12012 5.618e-03
0.74650 1.12188 5.618e-03
0.74700 1.12488 5.618e-03
0.74750 1.11965 5.618e-03
0.74800 1.12827 5.618e-03
0.74850 1.13695 5.618e-03
0.74900 1.11907 5.618e-03
0.74950 1.12479 5.618e-03
0.75000 1.11769 5.618e-03
0.75050 1.12418 5.618e-03
0.75100 1.12503 5.618e-03
0.75150 1.12680 5.618e-03
0.75200 1.11365 5.618e-03
0.75250 1.14168 5.618e-03
0.75300 1.12767 5.618e-03
0.75350 1.13006 5.618e-03
0.75400 1.12281 5.618e-03
0.75450 1.12493 5.618e-03
0.75500 1.12524 5.618e-03
0.75550 1.12573 5.618e-03
0.75600 1.11934 5.618e-03
0.75650 1.13465 5.618e-03
0.75700 1.13023 5.618e-03
0.75750 1.12296 5.618e-03
0.75800 1.12147 5.618e-03
0.75850 1.11592 5.618e-03
0.75900 1.12513 5.618e-03
0.75950 1.12445 5.618e-03
0.76000 1.11808 5.618e-03
0.76050 1.11919 5.618e-03
0.76100 1.12566 5.618e-03
0.76150 1.11663 5.618e-03
0.76200 1.11950 5.618e-03
0.76250 1.12153 5.618e-03
0.76300 1.11891 5.618e-03
0.76350 1.11673 5.618e-03
0.76400 1.12061 5.618e-03
0.76450 1.13168 5.618e-03
0.76500 1.11802 5.618e-03
0.76550 1.11521 5.618e-03
0.76600 1.12030 5.618e-03
0.76650 1.11427 5.618e-03
0.76700 1.12157 5.618e-03
0.76750 1.12963 5.618e-03
0.76800 1.12492 5.618e-03
0.76850 1.11287 5.618e-03
0.76900 1.13486 5.618e-03
0.76950 1.13088 5.618e-03
0.77000 1.12931 5.618e-03
0.77050 1.13178 5.618e-03
0.77100 1.11611 5.618e-03
0.77150 1.12147 5.618e-03
0.77200 1.11658 5.618e-03
0.77250 1.11850 5.618e-03
0.77300 1.12146 5.618e-03
0.77350 1.12913 5.618e-03
0.77400 1.12344 5.618e-03
0.77450 1.12511 5.618e-03
0.77500 1.11466 5.618e-03
0.77550 1.13204 5.618e-03
0.77600 1.11970 5.618e-03
0.77650 1.13867 5.618e-03
0.77700 1.12082 5.618e-03
0.77750 1.11927 5.618e-03
0.77800 1.12086 5.618e-03
0.77850 1.11993 5.618e-03
0.77900 1.12309 5.618e-03
0.77950 1.12476 5.618e-03
0.78000 1.13566 5.618e-03
0.78050 1.11925 5.618e-03
0.78100 1.13240 5.618e-03
0.78150 1.13716 5.618e-03
0.78200 1.12390 5.618e-03
0.78250 1.11388 5.618e-03
0.78300 1.13330 5.618e-03
0.78350 1.12170 5.618e-03
0.78400 1.13474 5.618e-03
0.78450 1.12853 5.618e-03
0.78500 1.12057 5.618e-03
0.78550 1.12890 5.618e-03
0.78600 1.12281 5.618e-03
0.78650 1.12435 5.618e-03
0.78700 1.11567 5.618e-03
0.78750 1.12896 5.618e-03
0.78800 1.11392 5.618e-03
0.78850 1.12378 5.618e-03
0.78900 1.11995 5.618e-03
0.78950 1.11463 5.618e-03
0.79000 1.12908 5.618e-03
0.79050 1.13033 5.618e-03
0.79100 1.11990 5.618e-03
0.79150 1.12176 5.618e-03
0.79200 1.12332 5.618e-03
0.79250 1.12513 5.618e-03
0.79300 1.12365 5.618e-03
0.79350 1.11831 5.618e-03
0.79400 1.13102 5.618e-03
0.79450 1.13296 5.618e-03
0.79500 1.13060 5.618e-03
0.79550 1.13394 5.618e-03
0.79600 1.13051 5.618e-03
0.79650 1.12982 5.618e-03
0.79700 1.12750 5.618e-03
0.79750 1.12859 5.618e-03
0.79800 1.12004 5.618e-03
0.79850 1.12526 5.618e-03
0.79900 1.11625 5.618e-03
0.79950 1.12095 5.618e-03
0.80000 1.12919 5.618e-03
0.80050 1.11688 5.618e-03
0.80100 1.12235 5.618e-03
0.80150 1.12644 5.618e-03
0.80200 1.12435 5.618e-03
0.80250 1.11929 5.618e-03
0.80300 1.12561 5.618e-03
0.80350 1.11675 5.618e-03
0.80400 1.12608 5.618e-03
0.80450 1.11913 5.618e-03
0.80500 1.12443 5.618e-03
0.80550 1.12808 5.618e-03
0.80600 1.12195 5.618e-03
0.80650 1.12104 5.618e-03
0.80700 1.11701 5.618e-03
0.80750 1.13308 5.618e-03
0.80800 1.13276 5.618e-03
0.80850 1.12579 5.618e-03
0.80900 1.11669 5.618e-03
0.80950 1.12230 5.618e-03
0.81000 1.12103 5.618e-03
0.81050 1.12691 5.618e-03
0.81100 1.11932 5.618e-03
0.81150 1.11867 5.618e-03
0.81200 1.12138 5.618e-03
0.81250 1.12708 5.618e-03
0.81300 1.12868 5.618e-03
0.81350 1.11897 5.618e-03
0.81400 1.11725 5.618e-03
0.81450 1.11754 5.618e-03
0.81500 1.12805 5.618e-03
0.81550 1.10893 5.618e-03
0.81600 1.12354 5.618e-03
0.81650 1.12546 5.618e-03
0.81700 1.12003 5.618e-03
0.81750 1.12960 5.618e-03
0.81800 1.12597 5.618e-03
0.81850 1.12211 5.618e-03
0.81900 1.12899 5.618e-03
0.81950 1.12130 5.618e-03
0.82000 1.12146 5.618e-03
0.82050 1.13197 5.618e-03
0.82100 1.12400 5.618e-03
0.82150 1.13152 5.618e-03
0.82200 1.12952 5.618e-03
0.82250 1.12207 5.618e-03
0.82300 1.12277 5.618e-03
0.82350 1.13062 5.618e-03
0.82400 1.12854 5.618e-03
0.82450 1.13157 5.618e-03
0.82500 1.12400 5.618e-03
0.82550 1.13011 5.618e-03
0.82600 1.11994 5.618e-03
0.82650 1.11995 5.618e-03
0.82700 1.12571 5.618e-03
0.82750 1.12907 5.618e-03
0.82800 1.12777 5.618e-03
0.82850 1.11977 5.618e-03
0.82900 1.12030 5.618e-03
0.82950 1.12262 5.618e-03
0.83000 1.13370 5.618e-03
0.83050 1.12600 5.618e-03
0.83100 1.12538 5.618e-03
0.83150 1.12687 5.618e-03
0.83200 1.12591 5.618e-03
0.83250 1.12810 5.618e-03
0.83300 1.11526 5.618e-03
0.83350 1.13499 5.618e-03
0.83400 1.12061 5.618e-03
0.83450 1.13291 5.618e-03
0.83500 1.12617 5.618e-03
0.83550 1.12786 5.618e-03
0.83600 1.12061 5.618e-03
0.83650 1.11552 5.618e-03
0.83700 1.12606 5.618e-03
0.83750 1.11927 5.618e-03
0.83800 1.12258 5.618e-03
0.83850 1.12813 5.618e-03
0.83900 1.12636 5.618e-03
0.83950 1.12525 5.618e-03
0.84000 1.11830 5.618e-03
0.84050 1.11632 5.618e-03
0.84100 1.12767 5.618e-03
0.84150 1.11720 5.618e-03
0.84200 1.12259 5.618e-03
0.84250 1.12031 5.618e-03
0.84300 1.12750 5.618e-03
0.84350 1.12020 5.618e-03
0.84400 1.12522 5.618e-03
0.84450 1.14033 5.618e-03
0.84500 1.12168 5.618e-03
0.84550 1.12525 5.618e-03
0.84600 1.12887 5.618e-03
0.84650 1.12442 5.618e-03
0.84700 1.12341 5.618e-03
0.84750 1.11851 5.618e-03
0.84800 1.12860 5.618e-03
0.84850 1.12388 5.618e-03
0.84900 1.12248 5.618e-03
0.84950 1.12018 5.618e-03
0.85000 1.12453 5.618e-03
