# 
# This file contains a simulated light curve of a single orbit of a circular orbit,
# eclipsing binary. The three columns are orbital phase (changes by 1 over the orbit),
# flux, and uncertainty in flux.
# 
-0.15000 1.12062 5.591e-03
-0.14950 1.12363 5.591e-03
-0.14900 1.11997 5.591e-03
-0.14850 1.12238 5.591e-03
-0.14800 1.11965 5.591e-03
-0.14750 1.10824 5.591e-03
-0.14700 1.10981 5.591e-03
-0.14650 1.12473 5.591e-03
-0.14600 1.11812 5.591e-03
-0.14550 1.11206 5.591e-03
-0.14500 1.11279 5.591e-03
-0.14450 1.11796 5.591e-03
-0.14400 1.11751 5.591e-03
-0.14350 1.11843 5.591e-03
-0.14300 1.12009 5.591e-03
-0.14250 1.11818 5.591e-03
-0.14200 1.11659 5.591e-03
-0.14150 1.13150 5.591e-03
-0.14100 1.11920 5.591e-03
-0.14050 1.12476 5.591e-03
-0.14000 1.11958 5.591e-03
-0.13950 1.11307 5.591e-03
-0.13900 1.11708 5.591e-03
-0.13850 1.12399 5.591e-03
-0.13800 1.11347 5.591e-03
-0.13750 1.10739 5.591e-03
-0.13700 1.11116 5.591e-03
-0.13650 1.11933 5.591e-03
-0.13600 1.12692 5.591e-03
-0.13550 1.11259 5.591e-03
-0.13500 1.11505 5.591e-03
-0.13450 1.11503 5.591e-03
-0.13400 1.11862 5.591e-03
-0.13350 1.11520 5.591e-03
-0.13300 1.11221 5.591e-03
-0.13250 1.10920 5.591e-03
-0.13200 1.12154 5.591e-03
-0.13150 1.11210 5.591e-03
-0.13100 1.11127 5.591e-03
-0.13050 1.11458 5.591e-03
-0.13000 1.11617 5.591e-03
-0.12950 1.12001 5.591e-03
-0.12900 1.11672 5.591e-03
-0.12850 1.12147 5.591e-03
-0.12800 1.11364 5.591e-03
-0.12750 1.12189 5.591e-03
-0.12700 1.11198 5.591e-03
-0.12650 1.12014 5.591e-03
-0.12600 1.10725 5.591e-03
-0.12550 1.11670 5.591e-03
-0.12500 1.11065 5.591e-03
-0.12450 1.10854 5.591e-03
-0.12400 1.11220 5.591e-03
-0.12350 1.12418 5.591e-03
-0.12300 1.11608 5.591e-03
-0.12250 1.12103 5.591e-03
-0.12200 1.11231 5.591e-03
-0.12150 1.11817 5.591e-03
-0.12100 1.12156 5.591e-03
-0.12050 1.11913 5.591e-03
-0.12000 1.11173 5.591e-03
-0.11950 1.11827 5.591e-03
-0.11900 1.12015 5.591e-03
-0.11850 1.11996 5.591e-03
-0.11800 1.11635 5.591e-03
-0.11750 1.12777 5.591e-03
-0.11700 1.11771 5.591e-03
-0.11650 1.12357 5.591e-03
-0.11600 1.12568 5.591e-03
-0.11550 1.12345 5.591e-03
-0.11500 1.11146 5.591e-03
-0.11450 1.11594 5.591e-03
-0.11400 1.12892 5.591e-03
-0.11350 1.10847 5.591e-03
-0.11300 1.12165 5.591e-03
-0.11250 1.12437 5.591e-03
-0.11200 1.11257 5.591e-03
-0.11150 1.11350 5.591e-03
-0.11100 1.11268 5.591e-03
-0.11050 1.12497 5.591e-03
-0.11000 1.11231 5.591e-03
-0.10950 1.10923 5.591e-03
-0.10900 1.11609 5.591e-03
-0.10850 1.11533 5.591e-03
-0.10800 1.12372 5.591e-03
-0.10750 1.12519 5.591e-03
-0.10700 1.11845 5.591e-03
-0.10650 1.11227 5.591e-03
-0.10600 1.11255 5.591e-03
-0.10550 1.11655 5.591e-03
-0.10500 1.12557 5.591e-03
-0.10450 1.10845 5.591e-03
-0.10400 1.13213 5.591e-03
-0.10350 1.12134 5.591e-03
-0.10300 1.12988 5.591e-03
-0.10250 1.12554 5.591e-03
-0.10200 1.12020 5.591e-03
-0.10150 1.11586 5.591e-03
-0.10100 1.11150 5.591e-03
-0.10050 1.11729 5.591e-03
-0.10000 1.12137 5.591e-03
-0.09950 1.10719 5.591e-03
-0.09900 1.11718 5.591e-03
-0.09850 1.11460 5.591e-03
-0.09800 1.11015 5.591e-03
-0.09750 1.11039 5.591e-03
-0.09700 1.11495 5.591e-03
-0.09650 1.12106 5.591e-03
-0.09600 1.12291 5.591e-03
-0.09550 1.12155 5.591e-03
-0.09500 1.11850 5.591e-03
-0.09450 1.11981 5.591e-03
-0.09400 1.11576 5.591e-03
-0.09350 1.11950 5.591e-03
-0.09300 1.11046 5.591e-03
-0.09250 1.11725 5.591e-03
-0.09200 1.12829 5.591e-03
-0.09150 1.11711 5.591e-03
-0.09100 1.11435 5.591e-03
-0.09050 1.12686 5.591e-03
-0.09000 1.11528 5.591e-03
-0.08950 1.13169 5.591e-03
-0.08900 1.11973 5.591e-03
-0.08850 1.11345 5.591e-03
-0.08800 1.10806 5.591e-03
-0.08750 1.12128 5.591e-03
-0.08700 1.12135 5.591e-03
-0.08650 1.11687 5.591e-03
-0.08600 1.11930 5.591e-03
-0.08550 1.13100 5.591e-03
-0.08500 1.11704 5.591e-03
-0.08450 1.11725 5.591e-03
-0.08400 1.11571 5.591e-03
-0.08350 1.12585 5.591e-03
-0.08300 1.12261 5.591e-03
-0.08250 1.11837 5.591e-03
-0.08200 1.12399 5.591e-03
-0.08150 1.10831 5.591e-03
-0.08100 1.11119 5.591e-03
-0.08050 1.12370 5.591e-03
-0.08000 1.11542 5.591e-03
-0.07950 1.12156 5.591e-03
-0.07900 1.11633 5.591e-03
-0.07850 1.11110 5.591e-03
-0.07800 1.12036 5.591e-03
-0.07750 1.11374 5.591e-03
-0.07700 1.11476 5.591e-03
-0.07650 1.11740 5.591e-03
-0.07600 1.12614 5.591e-03
-0.07550 1.11596 5.591e-03
-0.07500 1.11314 5.591e-03
-0.07450 1.11113 5.591e-03
-0.07400 1.10785 5.591e-03
-0.07350 1.10301 5.591e-03
-0.07300 1.10205 5.591e-03
-0.07250 1.10279 5.591e-03
-0.07200 1.10553 5.591e-03
-0.07150 1.08795 5.591e-03
-0.07100 1.08899 5.591e-03
-0.07050 1.08467 5.591e-03
-0.07000 1.07700 5.591e-03
-0.06950 1.08761 5.591e-03
-0.06900 1.08817 5.591e-03
-0.06850 1.08105 5.591e-03
-0.06800 1.06937 5.591e-03
-0.06750 1.07241 5.591e-03
-0.06700 1.06698 5.591e-03
-0.06650 1.06229 5.591e-03
-0.06600 1.05593 5.591e-03
-0.06550 1.05576 5.591e-03
-0.06500 1.05052 5.591e-03
-0.06450 1.04613 5.591e-03
-0.06400 1.04667 5.591e-03
-0.06350 1.03883 5.591e-03
-0.06300 1.04812 5.591e-03
-0.06250 1.03024 5.591e-03
-0.06200 1.03500 5.591e-03
-0.06150 1.01943 5.591e-03
-0.06100 1.02009 5.591e-03
-0.06050 1.00968 5.591e-03
-0.06000 1.01277 5.591e-03
-0.05950 1.00331 5.591e-03
-0.05900 0.99933 5.591e-03
-0.05850 0.99730 5.591e-03
-0.05800 0.99636 5.591e-03
-0.05750 0.98922 5.591e-03
-0.05700 0.97415 5.591e-03
-0.05650 0.97387 5.591e-03
-0.05600 0.97462 5.591e-03
-0.05550 0.96787 5.591e-03
-0.05500 0.97326 5.591e-03
-0.05450 0.96094 5.591e-03
-0.05400 0.94145 5.591e-03
-0.05350 0.93908 5.591e-03
-0.05300 0.94453 5.591e-03
-0.05250 0.94301 5.591e-03
-0.05200 0.93096 5.591e-03
-0.05150 0.93601 5.591e-03
-0.05100 0.92443 5.591e-03
-0.05050 0.91242 5.591e-03
-0.05000 0.91432 5.591e-03
-0.04950 0.90972 5.591e-03
-0.04900 0.90430 5.591e-03
-0.04850 0.90705 5.591e-03
-0.04800 0.89539 5.591e-03
-0.04750 0.87889 5.591e-03
-0.04700 0.88501 5.591e-03
-0.04650 0.88363 5.591e-03
-0.04600 0.88036 5.591e-03
-0.04550 0.86537 5.591e-03
-0.04500 0.85923 5.591e-03
-0.04450 0.85217 5.591e-03
-0.04400 0.84535 5.591e-03
-0.04350 0.85029 5.591e-03
-0.04300 0.84375 5.591e-03
-0.04250 0.83350 5.591e-03
-0.04200 0.82902 5.591e-03
-0.04150 0.81349 5.591e-03
-0.04100 0.81700 5.591e-03
-0.04050 0.81086 5.591e-03
-0.04000 0.80185 5.591e-03
-0.03950 0.80797 5.591e-03
-0.03900 0.79694 5.591e-03
-0.03850 0.78189 5.591e-03
-0.03800 0.78848 5.591e-03
-0.03750 0.77441 5.591e-03
-0.03700 0.77114 5.591e-03
-0.03650 0.77497 5.591e-03
-0.03600 0.75896 5.591e-03
-0.03550 0.75887 5.591e-03
-0.03500 0.74230 5.591e-03
-0.03450 0.74353 5.591e-03
-0.03400 0.73333 5.591e-03
-0.03350 0.72884 5.591e-03
-0.03300 0.72664 5.591e-03
-0.03250 0.71824 5.591e-03
-0.03200 0.70900 5.591e-03
-0.03150 0.70152 5.591e-03
-0.03100 0.69820 5.591e-03
-0.03050 0.69554 5.591e-03
-0.03000 0.69087 5.591e-03
-0.02950 0.69129 5.591e-03
-0.02900 0.67458 5.591e-03
-0.02850 0.68414 5.591e-03
-0.02800 0.67121 5.591e-03
-0.02750 0.65214 5.591e-03
-0.02700 0.66097 5.591e-03
-0.02650 0.65082 5.591e-03
-0.02600 0.64141 5.591e-03
-0.02550 0.65396 5.591e-03
-0.02500 0.63369 5.591e-03
-0.02450 0.63782 5.591e-03
-0.02400 0.62053 5.591e-03
-0.02350 0.63058 5.591e-03
-0.02300 0.60959 5.591e-03
-0.02250 0.61028 5.591e-03
-0.02200 0.61128 5.591e-03
-0.02150 0.60398 5.591e-03
-0.02100 0.60378 5.591e-03
-0.02050 0.59442 5.591e-03
-0.02000 0.59697 5.591e-03
-0.01950 0.58249 5.591e-03
-0.01900 0.58246 5.591e-03
-0.01850 0.57614 5.591e-03
-0.01800 0.57393 5.591e-03
-0.01750 0.57567 5.591e-03
-0.01700 0.58175 5.591e-03
-0.01650 0.57432 5.591e-03
-0.01600 0.57153 5.591e-03
-0.01550 0.56815 5.591e-03
-0.01500 0.56799 5.591e-03
-0.01450 0.56999 5.591e-03
-0.01400 0.57822 5.591e-03
-0.01350 0.56910 5.591e-03
-0.01300 0.55785 5.591e-03
-0.01250 0.57795 5.591e-03
-0.01200 0.56991 5.591e-03
-0.01150 0.57912 5.591e-03
-0.01100 0.57936 5.591e-03
-0.01050 0.57333 5.591e-03
-0.01000 0.57471 5.591e-03
-0.00950 0.57759 5.591e-03
-0.00900 0.57737 5.591e-03
-0.00850 0.57607 5.591e-03
-0.00800 0.58232 5.591e-03
-0.00750 0.57584 5.591e-03
-0.00700 0.57144 5.591e-03
-0.00650 0.57820 5.591e-03
-0.00600 0.57108 5.591e-03
-0.00550 0.57100 5.591e-03
-0.00500 0.58074 5.591e-03
-0.00450 0.57004 5.591e-03
-0.00400 0.58493 5.591e-03
-0.00350 0.57766 5.591e-03
-0.00300 0.57571 5.591e-03
-0.00250 0.57260 5.591e-03
-0.00200 0.58057 5.591e-03
-0.00150 0.57929 5.591e-03
-0.00100 0.57424 5.591e-03
-0.00050 0.57109 5.591e-03
0.00000 0.57177 5.591e-03
0.00050 0.57315 5.591e-03
0.00100 0.57018 5.591e-03
0.00150 0.57465 5.591e-03
0.00200 0.58628 5.591e-03
0.00250 0.57025 5.591e-03
0.00300 0.58298 5.591e-03
0.00350 0.57474 5.591e-03
0.00400 0.56978 5.591e-03
0.00450 0.57640 5.591e-03
0.00500 0.57566 5.591e-03
0.00550 0.57558 5.591e-03
0.00600 0.57613 5.591e-03
0.00650 0.56342 5.591e-03
0.00700 0.57032 5.591e-03
0.00750 0.57871 5.591e-03
0.00800 0.57903 5.591e-03
0.00850 0.58511 5.591e-03
0.00900 0.57556 5.591e-03
0.00950 0.57773 5.591e-03
0.01000 0.57581 5.591e-03
0.01050 0.57285 5.591e-03
0.01100 0.57152 5.591e-03
0.01150 0.57676 5.591e-03
0.01200 0.57872 5.591e-03
0.01250 0.57897 5.591e-03
0.01300 0.56892 5.591e-03
0.01350 0.57320 5.591e-03
0.01400 0.58477 5.591e-03
0.01450 0.57139 5.591e-03
0.01500 0.57845 5.591e-03
0.01550 0.57022 5.591e-03
0.01600 0.57980 5.591e-03
0.01650 0.57449 5.591e-03
0.01700 0.57635 5.591e-03
0.01750 0.57497 5.591e-03
0.01800 0.58551 5.591e-03
0.01850 0.58249 5.591e-03
0.01900 0.57996 5.591e-03
0.01950 0.58397 5.591e-03
0.02000 0.59120 5.591e-03
0.02050 0.58503 5.591e-03
0.02100 0.59092 5.591e-03
0.02150 0.59282 5.591e-03
0.02200 0.60431 5.591e-03
0.02250 0.60807 5.591e-03
0.02300 0.61511 5.591e-03
0.02350 0.62129 5.591e-03
0.02400 0.61994 5.591e-03
0.02450 0.62865 5.591e-03
0.02500 0.62768 5.591e-03
0.02550 0.64389 5.591e-03
0.02600 0.64384 5.591e-03
0.02650 0.65459 5.591e-03
0.02700 0.64557 5.591e-03
0.02750 0.66460 5.591e-03
0.02800 0.67488 5.591e-03
0.02850 0.67825 5.591e-03
0.02900 0.68182 5.591e-03
0.02950 0.69442 5.591e-03
0.03000 0.68249 5.591e-03
0.03050 0.69642 5.591e-03
0.03100 0.70239 5.591e-03
0.03150 0.70092 5.591e-03
0.03200 0.70231 5.591e-03
0.03250 0.72177 5.591e-03
0.03300 0.72772 5.591e-03
0.03350 0.72872 5.591e-03
0.03400 0.73406 5.591e-03
0.03450 0.73905 5.591e-03
0.03500 0.74107 5.591e-03
0.03550 0.74861 5.591e-03
0.03600 0.74965 5.591e-03
0.03650 0.76435 5.591e-03
0.03700 0.76706 5.591e-03
0.03750 0.78188 5.591e-03
0.03800 0.77499 5.591e-03
0.03850 0.78547 5.591e-03
0.03900 0.78995 5.591e-03
0.03950 0.79719 5.591e-03
0.04000 0.80392 5.591e-03
0.04050 0.81401 5.591e-03
0.04100 0.80676 5.591e-03
0.04150 0.81758 5.591e-03
0.04200 0.82051 5.591e-03
0.04250 0.82932 5.591e-03
0.04300 0.82241 5.591e-03
0.04350 0.84688 5.591e-03
0.04400 0.84824 5.591e-03
0.04450 0.84631 5.591e-03
0.04500 0.85511 5.591e-03
0.04550 0.86735 5.591e-03
0.04600 0.87781 5.591e-03
0.04650 0.87206 5.591e-03
0.04700 0.88342 5.591e-03
0.04750 0.88916 5.591e-03
0.04800 0.89320 5.591e-03
0.04850 0.90486 5.591e-03
0.04900 0.90690 5.591e-03
0.04950 0.90303 5.591e-03
0.05000 0.91563 5.591e-03
0.05050 0.91253 5.591e-03
0.05100 0.92188 5.591e-03
0.05150 0.93732 5.591e-03
0.05200 0.93293 5.591e-03
0.05250 0.94826 5.591e-03
0.05300 0.93862 5.591e-03
0.05350 0.95579 5.591e-03
0.05400 0.96021 5.591e-03
0.05450 0.97422 5.591e-03
0.05500 0.96282 5.591e-03
0.05550 0.97139 5.591e-03
0.05600 0.97135 5.591e-03
0.05650 0.98244 5.591e-03
0.05700 0.98225 5.591e-03
0.05750 0.97720 5.591e-03
0.05800 0.99087 5.591e-03
0.05850 1.00109 5.591e-03
0.05900 1.00485 5.591e-03
0.05950 0.99960 5.591e-03
0.06000 1.01379 5.591e-03
0.06050 1.01179 5.591e-03
0.06100 1.01505 5.591e-03
0.06150 1.02680 5.591e-03
0.06200 1.02184 5.591e-03
0.06250 1.02047 5.591e-03
0.06300 1.03407 5.591e-03
0.06350 1.04814 5.591e-03
0.06400 1.03988 5.591e-03
0.06450 1.05411 5.591e-03
0.06500 1.04401 5.591e-03
0.06550 1.04395 5.591e-03
0.06600 1.05276 5.591e-03
0.06650 1.06246 5.591e-03
0.06700 1.06676 5.591e-03
0.06750 1.07668 5.591e-03
0.06800 1.07794 5.591e-03
0.06850 1.08618 5.591e-03
0.06900 1.08191 5.591e-03
0.06950 1.08492 5.591e-03
0.07000 1.08915 5.591e-03
0.07050 1.08138 5.591e-03
0.07100 1.08769 5.591e-03
0.07150 1.09864 5.591e-03
0.07200 1.09202 5.591e-03
0.07250 1.09444 5.591e-03
0.07300 1.10086 5.591e-03
0.07350 1.09674 5.591e-03
0.07400 1.09829 5.591e-03
0.07450 1.10496 5.591e-03
0.07500 1.11745 5.591e-03
0.07550 1.11028 5.591e-03
0.07600 1.11724 5.591e-03
0.07650 1.11728 5.591e-03
0.07700 1.11980 5.591e-03
0.07750 1.11482 5.591e-03
0.07800 1.12007 5.591e-03
0.07850 1.11731 5.591e-03
0.07900 1.12095 5.591e-03
0.07950 1.11679 5.591e-03
0.08000 1.12052 5.591e-03
0.08050 1.12255 5.591e-03
0.08100 1.11677 5.591e-03
0.08150 1.11522 5.591e-03
0.08200 1.11861 5.591e-03
0.08250 1.12265 5.591e-03
0.08300 1.11581 5.591e-03
0.08350 1.12702 5.591e-03
0.08400 1.11493 5.591e-03
0.08450 1.11657 5.591e-03
0.08500 1.11624 5.591e-03
0.08550 1.11483 5.591e-03
0.08600 1.12291 5.591e-03
0.08650 1.12606 5.591e-03
0.08700 1.12641 5.591e-03
0.08750 1.11748 5.591e-03
0.08800 1.11497 5.591e-03
0.08850 1.10750 5.591e-03
0.08900 1.12651 5.591e-03
0.08950 1.12162 5.591e-03
0.09000 1.11402 5.591e-03
0.09050 1.12085 5.591e-03
0.09100 1.11931 5.591e-03
0.09150 1.12682 5.591e-03
0.09200 1.11764 5.591e-03
0.09250 1.11677 5.591e-03
0.09300 1.11995 5.591e-03
0.09350 1.12210 5.591e-03
0.09400 1.12014 5.591e-03
0.09450 1.11994 5.591e-03
0.09500 1.10897 5.591e-03
0.09550 1.12709 5.591e-03
0.09600 1.11909 5.591e-03
0.09650 1.11643 5.591e-03
0.09700 1.10429 5.591e-03
0.09750 1.12108 5.591e-03
0.09800 1.11353 5.591e-03
0.09850 1.11469 5.591e-03
0.09900 1.10994 5.591e-03
0.09950 1.12174 5.591e-03
0.10000 1.12355 5.591e-03
0.10050 1.11957 5.591e-03
0.10100 1.13170 5.591e-03
0.10150 1.11666 5.591e-03
0.10200 1.11416 5.591e-03
0.10250 1.12015 5.591e-03
0.10300 1.12520 5.591e-03
0.10350 1.11868 5.591e-03
0.10400 1.12381 5.591e-03
0.10450 1.12417 5.591e-03
0.10500 1.11778 5.591e-03
0.10550 1.12531 5.591e-03
0.10600 1.11115 5.591e-03
0.10650 1.12382 5.591e-03
0.10700 1.11962 5.591e-03
0.10750 1.11199 5.591e-03
0.10800 1.12402 5.591e-03
0.10850 1.12038 5.591e-03
0.10900 1.11088 5.591e-03
0.10950 1.12931 5.591e-03
0.11000 1.11328 5.591e-03
0.11050 1.11821 5.591e-03
0.11100 1.11219 5.591e-03
0.11150 1.12190 5.591e-03
0.11200 1.12900 5.591e-03
0.11250 1.12085 5.591e-03
0.11300 1.12020 5.591e-03
0.11350 1.11319 5.591e-03
0.11400 1.12006 5.591e-03
0.11450 1.11491 5.591e-03
0.11500 1.12083 5.591e-03
0.11550 1.12285 5.591e-03
0.11600 1.12163 5.591e-03
0.11650 1.11099 5.591e-03
0.11700 1.11985 5.591e-03
0.11750 1.12936 5.591e-03
0.11800 1.12449 5.591e-03
0.11850 1.11558 5.591e-03
0.11900 1.12019 5.591e-03
0.11950 1.11596 5.591e-03
0.12000 1.11108 5.591e-03
0.12050 1.12183 5.591e-03
0.12100 1.12352 5.591e-03
0.12150 1.12925 5.591e-03
0.12200 1.12002 5.591e-03
0.12250 1.12049 5.591e-03
0.12300 1.11315 5.591e-03
0.12350 1.10467 5.591e-03
0.12400 1.11532 5.591e-03
0.12450 1.12131 5.591e-03
0.12500 1.12240 5.591e-03
0.12550 1.12577 5.591e-03
0.12600 1.11842 5.591e-03
0.12650 1.11492 5.591e-03
0.12700 1.11560 5.591e-03
0.12750 1.12429 5.591e-03
0.12800 1.10982 5.591e-03
0.12850 1.12024 5.591e-03
0.12900 1.11896 5.591e-03
0.12950 1.11409 5.591e-03
0.13000 1.12150 5.591e-03
0.13050 1.11840 5.591e-03
0.13100 1.11817 5.591e-03
0.13150 1.11508 5.591e-03
0.13200 1.12291 5.591e-03
0.13250 1.12135 5.591e-03
0.13300 1.11428 5.591e-03
0.13350 1.11460 5.591e-03
0.13400 1.11527 5.591e-03
0.13450 1.11400 5.591e-03
0.13500 1.11815 5.591e-03
0.13550 1.12846 5.591e-03
0.13600 1.11331 5.591e-03
0.13650 1.11546 5.591e-03
0.13700 1.13155 5.591e-03
0.13750 1.11780 5.591e-03
0.13800 1.11262 5.591e-03
0.13850 1.11380 5.591e-03
0.13900 1.12191 5.591e-03
0.13950 1.12920 5.591e-03
0.14000 1.12452 5.591e-03
0.14050 1.12375 5.591e-03
0.14100 1.11168 5.591e-03
0.14150 1.12741 5.591e-03
0.14200 1.11417 5.591e-03
0.14250 1.10496 5.591e-03
0.14300 1.11180 5.591e-03
0.14350 1.12706 5.591e-03
0.14400 1.11697 5.591e-03
0.14450 1.11715 5.591e-03
0.14500 1.12007 5.591e-03
0.14550 1.11949 5.591e-03
0.14600 1.11505 5.591e-03
0.14650 1.12077 5.591e-03
0.14700 1.12376 5.591e-03
0.14750 1.10935 5.591e-03
0.14800 1.11951 5.591e-03
0.14850 1.10941 5.591e-03
0.14900 1.10975 5.591e-03
0.14950 1.11590 5.591e-03
0.15000 1.11131 5.591e-03
0.15050 1.11252 5.591e-03
0.15100 1.11217 5.591e-03
0.15150 1.11669 5.591e-03
0.15200 1.10969 5.591e-03
0.15250 1.12403 5.591e-03
0.15300 1.11523 5.591e-03
0.15350 1.11134 5.591e-03
0.15400 1.11767 5.591e-03
0.15450 1.10736 5.591e-03
0.15500 1.11549 5.591e-03
0.15550 1.11490 5.591e-03
0.15600 1.12531 5.591e-03
0.15650 1.11133 5.591e-03
0.15700 1.11682 5.591e-03
0.15750 1.11930 5.591e-03
0.15800 1.12640 5.591e-03
0.15850 1.11354 5.591e-03
0.15900 1.11362 5.591e-03
0.15950 1.11511 5.591e-03
0.16000 1.11825 5.591e-03
0.16050 1.12371 5.591e-03
0.16100 1.11285 5.591e-03
0.16150 1.11757 5.591e-03
0.16200 1.12093 5.591e-03
0.16250 1.11499 5.591e-03
0.16300 1.12819 5.591e-03
0.16350 1.12430 5.591e-03
0.16400 1.12559 5.591e-03
0.16450 1.12260 5.591e-03
0.16500 1.12478 5.591e-03
0.16550 1.11921 5.591e-03
0.16600 1.10078 5.591e-03
0.16650 1.11942 5.591e-03
0.16700 1.11335 5.591e-03
0.16750 1.11788 5.591e-03
0.16800 1.11787 5.591e-03
0.16850 1.12886 5.591e-03
0.16900 1.11950 5.591e-03
0.16950 1.11742 5.591e-03
0.17000 1.10879 5.591e-03
0.17050 1.12617 5.591e-03
0.17100 1.12585 5.591e-03
0.17150 1.11302 5.591e-03
0.17200 1.12296 5.591e-03
0.17250 1.11443 5.591e-03
0.17300 1.10979 5.591e-03
0.17350 1.11624 5.591e-03
0.17400 1.10743 5.591e-03
0.17450 1.11828 5.591e-03
0.17500 1.12994 5.591e-03
0.17550 1.12381 5.591e-03
0.17600 1.12267 5.591e-03
0.17650 1.11424 5.591e-03
0.17700 1.11750 5.591e-03
0.17750 1.10855 5.591e-03
0.17800 1.12068 5.591e-03
0.17850 1.11213 5.591e-03
0.17900 1.12552 5.591e-03
0.17950 1.11706 5.591e-03
0.18000 1.11746 5.591e-03
0.18050 1.12775 5.591e-03
0.18100 1.12318 5.591e-03
0.18150 1.11574 5.591e-03
0.18200 1.11697 5.591e-03
0.18250 1.11152 5.591e-03
0.18300 1.11803 5.591e-03
0.18350 1.11169 5.591e-03
0.18400 1.11387 5.591e-03
0.18450 1.11564 5.591e-03
0.18500 1.11685 5.591e-03
0.18550 1.11728 5.591e-03
0.18600 1.12253 5.591e-03
0.18650 1.12203 5.591e-03
0.18700 1.10811 5.591e-03
0.18750 1.12537 5.591e-03
0.18800 1.11595 5.591e-03
0.18850 1.11944 5.591e-03
0.18900 1.12123 5.591e-03
0.18950 1.11729 5.591e-03
0.19000 1.11653 5.591e-03
0.19050 1.10436 5.591e-03
0.19100 1.13230 5.591e-03
0.19150 1.11422 5.591e-03
0.19200 1.11273 5.591e-03
0.19250 1.11563 5.591e-03
0.19300 1.10714 5.591e-03
0.19350 1.11827 5.591e-03
0.19400 1.10874 5.591e-03
0.19450 1.11879 5.591e-03
0.19500 1.11689 5.591e-03
0.19550 1.12527 5.591e-03
0.19600 1.11318 5.591e-03
0.19650 1.11808 5.591e-03
0.19700 1.11894 5.591e-03
0.19750 1.11287 5.591e-03
0.19800 1.11108 5.591e-03
0.19850 1.12449 5.591e-03
0.19900 1.11707 5.591e-03
0.19950 1.10897 5.591e-03
0.20000 1.12062 5.591e-03
0.20050 1.11854 5.591e-03
0.20100 1.11738 5.591e-03
0.20150 1.11244 5.591e-03
0.20200 1.11505 5.591e-03
0.20250 1.11504 5.591e-03
0.20300 1.12255 5.591e-03
0.20350 1.11619 5.591e-03
0.20400 1.11596 5.591e-03
0.20450 1.12758 5.591e-03
0.20500 1.11653 5.591e-03
0.20550 1.11781 5.591e-03
0.20600 1.12003 5.591e-03
0.20650 1.11459 5.591e-03
0.20700 1.12018 5.591e-03
0.20750 1.12227 5.591e-03
0.20800 1.11399 5.591e-03
0.20850 1.11195 5.591e-03
0.20900 1.11840 5.591e-03
0.20950 1.12731 5.591e-03
0.21000 1.12404 5.591e-03
0.21050 1.11601 5.591e-03
0.21100 1.12088 5.591e-03
0.21150 1.11246 5.591e-03
0.21200 1.11906 5.591e-03
0.21250 1.11016 5.591e-03
0.21300 1.11428 5.591e-03
0.21350 1.12803 5.591e-03
0.21400 1.11788 5.591e-03
0.21450 1.12681 5.591e-03
0.21500 1.12103 5.591e-03
0.21550 1.11896 5.591e-03
0.21600 1.11995 5.591e-03
0.21650 1.12218 5.591e-03
0.21700 1.12333 5.591e-03
0.21750 1.12333 5.591e-03
0.21800 1.11384 5.591e-03
0.21850 1.12292 5.591e-03
0.21900 1.11265 5.591e-03
0.21950 1.12363 5.591e-03
0.22000 1.12502 5.591e-03
0.22050 1.11759 5.591e-03
0.22100 1.11363 5.591e-03
0.22150 1.11439 5.591e-03
0.22200 1.12107 5.591e-03
0.22250 1.12870 5.591e-03
0.22300 1.12162 5.591e-03
0.22350 1.13065 5.591e-03
0.22400 1.12811 5.591e-03
0.22450 1.12032 5.591e-03
0.22500 1.12037 5.591e-03
0.22550 1.12242 5.591e-03
0.22600 1.11833 5.591e-03
0.22650 1.11601 5.591e-03
0.22700 1.12555 5.591e-03
0.22750 1.11479 5.591e-03
0.22800 1.12649 5.591e-03
0.22850 1.11432 5.591e-03
0.22900 1.11383 5.591e-03
0.22950 1.11538 5.591e-03
0.23000 1.12135 5.591e-03
0.23050 1.13340 5.591e-03
0.23100 1.12395 5.591e-03
0.23150 1.13123 5.591e-03
0.23200 1.12153 5.591e-03
0.23250 1.11796 5.591e-03
0.23300 1.12144 5.591e-03
0.23350 1.12737 5.591e-03
0.23400 1.12387 5.591e-03
0.23450 1.12244 5.591e-03
0.23500 1.11804 5.591e-03
0.23550 1.10782 5.591e-03
0.23600 1.12593 5.591e-03
0.23650 1.11387 5.591e-03
0.23700 1.12323 5.591e-03
0.23750 1.12105 5.591e-03
0.23800 1.11884 5.591e-03
0.23850 1.10440 5.591e-03
0.23900 1.11800 5.591e-03
0.23950 1.12335 5.591e-03
0.24000 1.11782 5.591e-03
0.24050 1.11021 5.591e-03
0.24100 1.11776 5.591e-03
0.24150 1.11554 5.591e-03
0.24200 1.11420 5.591e-03
0.24250 1.11828 5.591e-03
0.24300 1.12875 5.591e-03
0.24350 1.11650 5.591e-03
0.24400 1.12440 5.591e-03
0.24450 1.12674 5.591e-03
0.24500 1.12398 5.591e-03
0.24550 1.10960 5.591e-03
0.24600 1.11098 5.591e-03
0.24650 1.12405 5.591e-03
0.24700 1.12546 5.591e-03
0.24750 1.12723 5.591e-03
0.24800 1.11615 5.591e-03
0.24850 1.12996 5.591e-03
0.24900 1.11616 5.591e-03
0.24950 1.12329 5.591e-03
0.25000 1.12039 5.591e-03
0.25050 1.11709 5.591e-03
0.25100 1.11549 5.591e-03
0.25150 1.12071 5.591e-03
0.25200 1.11634 5.591e-03
0.25250 1.12726 5.591e-03
0.25300 1.11452 5.591e-03
0.25350 1.11593 5.591e-03
0.25400 1.11738 5.591e-03
0.25450 1.11853 5.591e-03
0.25500 1.12606 5.591e-03
0.25550 1.11417 5.591e-03
0.25600 1.12355 5.591e-03
0.25650 1.11897 5.591e-03
0.25700 1.12040 5.591e-03
0.25750 1.13121 5.591e-03
0.25800 1.11319 5.591e-03
0.25850 1.11606 5.591e-03
0.25900 1.12039 5.591e-03
0.25950 1.12220 5.591e-03
0.26000 1.11476 5.591e-03
0.26050 1.13211 5.591e-03
0.26100 1.11681 5.591e-03
0.26150 1.11401 5.591e-03
0.26200 1.11984 5.591e-03
0.26250 1.11902 5.591e-03
0.26300 1.11985 5.591e-03
0.26350 1.11392 5.591e-03
0.26400 1.12300 5.591e-03
0.26450 1.11335 5.591e-03
0.26500 1.12509 5.591e-03
0.26550 1.12414 5.591e-03
0.26600 1.12178 5.591e-03
0.26650 1.13139 5.591e-03
0.26700 1.11864 5.591e-03
0.26750 1.12114 5.591e-03
0.26800 1.12220 5.591e-03
0.26850 1.12702 5.591e-03
0.26900 1.12200 5.591e-03
0.26950 1.12643 5.591e-03
0.27000 1.10972 5.591e-03
0.27050 1.12233 5.591e-03
0.27100 1.11636 5.591e-03
0.27150 1.11812 5.591e-03
0.27200 1.12453 5.591e-03
0.27250 1.11514 5.591e-03
0.27300 1.12429 5.591e-03
0.27350 1.11203 5.591e-03
0.27400 1.11925 5.591e-03
0.27450 1.11979 5.591e-03
0.27500 1.11790 5.591e-03
0.27550 1.11650 5.591e-03
0.27600 1.12236 5.591e-03
0.27650 1.11989 5.591e-03
0.27700 1.12499 5.591e-03
0.27750 1.12162 5.591e-03
0.27800 1.11895 5.591e-03
0.27850 1.11505 5.591e-03
0.27900 1.12193 5.591e-03
0.27950 1.11969 5.591e-03
0.28000 1.10668 5.591e-03
0.28050 1.12000 5.591e-03
0.28100 1.11045 5.591e-03
0.28150 1.12669 5.591e-03
0.28200 1.11970 5.591e-03
0.28250 1.11549 5.591e-03
0.28300 1.12226 5.591e-03
0.28350 1.12046 5.591e-03
0.28400 1.11729 5.591e-03
0.28450 1.11270 5.591e-03
0.28500 1.12339 5.591e-03
0.28550 1.11962 5.591e-03
0.28600 1.11989 5.591e-03
0.28650 1.11643 5.591e-03
0.28700 1.11245 5.591e-03
0.28750 1.11465 5.591e-03
0.28800 1.12202 5.591e-03
0.28850 1.11880 5.591e-03
0.28900 1.11852 5.591e-03
0.28950 1.12204 5.591e-03
0.29000 1.12537 5.591e-03
0.29050 1.11444 5.591e-03
0.29100 1.11659 5.591e-03
0.29150 1.11485 5.591e-03
0.29200 1.11030 5.591e-03
0.29250 1.12457 5.591e-03
0.29300 1.12196 5.591e-03
0.29350 1.11974 5.591e-03
0.29400 1.12170 5.591e-03
0.29450 1.11110 5.591e-03
0.29500 1.11878 5.591e-03
0.29550 1.11822 5.591e-03
0.29600 1.12060 5.591e-03
0.29650 1.11463 5.591e-03
0.29700 1.12075 5.591e-03
0.29750 1.11860 5.591e-03
0.29800 1.11988 5.591e-03
0.29850 1.11929 5.591e-03
0.29900 1.11822 5.591e-03
0.29950 1.11329 5.591e-03
0.30000 1.11473 5.591e-03
0.30050 1.12961 5.591e-03
0.30100 1.10988 5.591e-03
0.30150 1.10920 5.591e-03
0.30200 1.11372 5.591e-03
0.30250 1.11795 5.591e-03
0.30300 1.11748 5.591e-03
0.30350 1.12351 5.591e-03
0.30400 1.11542 5.591e-03
0.30450 1.12491 5.591e-03
0.30500 1.12445 5.591e-03
0.30550 1.11894 5.591e-03
0.30600 1.12013 5.591e-03
0.30650 1.12407 5.591e-03
0.30700 1.11715 5.591e-03
0.30750 1.12393 5.591e-03
0.30800 1.11833 5.591e-03
0.30850 1.11156 5.591e-03
0.30900 1.11838 5.591e-03
0.30950 1.11723 5.591e-03
0.31000 1.12017 5.591e-03
0.31050 1.11363 5.591e-03
0.31100 1.11133 5.591e-03
0.31150 1.12353 5.591e-03
0.31200 1.12216 5.591e-03
0.31250 1.11656 5.591e-03
0.31300 1.11473 5.591e-03
0.31350 1.11439 5.591e-03
0.31400 1.11861 5.591e-03
0.31450 1.10980 5.591e-03
0.31500 1.12726 5.591e-03
0.31550 1.11413 5.591e-03
0.31600 1.11656 5.591e-03
0.31650 1.11474 5.591e-03
0.31700 1.12566 5.591e-03
0.31750 1.12182 5.591e-03
0.31800 1.11948 5.591e-03
0.31850 1.11926 5.591e-03
0.31900 1.11419 5.591e-03
0.31950 1.11738 5.591e-03
0.32000 1.11919 5.591e-03
0.32050 1.12433 5.591e-03
0.32100 1.11382 5.591e-03
0.32150 1.12335 5.591e-03
0.32200 1.11951 5.591e-03
0.32250 1.12110 5.591e-03
0.32300 1.12553 5.591e-03
0.32350 1.11282 5.591e-03
0.32400 1.11186 5.591e-03
0.32450 1.11768 5.591e-03
0.32500 1.12301 5.591e-03
0.32550 1.11323 5.591e-03
0.32600 1.12182 5.591e-03
0.32650 1.12391 5.591e-03
0.32700 1.11428 5.591e-03
0.32750 1.12348 5.591e-03
0.32800 1.11536 5.591e-03
0.32850 1.12522 5.591e-03
0.32900 1.12134 5.591e-03
0.32950 1.12004 5.591e-03
0.33000 1.12109 5.591e-03
0.33050 1.11072 5.591e-03
0.33100 1.11732 5.591e-03
0.33150 1.11993 5.591e-03
0.33200 1.12567 5.591e-03
0.33250 1.10715 5.591e-03
0.33300 1.11399 5.591e-03
0.33350 1.11374 5.591e-03
0.33400 1.12454 5.591e-03
0.33450 1.11572 5.591e-03
0.33500 1.11696 5.591e-03
0.33550 1.11788 5.591e-03
0.33600 1.11053 5.591e-03
0.33650 1.12344 5.591e-03
0.33700 1.11743 5.591e-03
0.33750 1.12091 5.591e-03
0.33800 1.12350 5.591e-03
0.33850 1.11275 5.591e-03
0.33900 1.11220 5.591e-03
0.33950 1.12298 5.591e-03
0.34000 1.11711 5.591e-03
0.34050 1.11804 5.591e-03
0.34100 1.11754 5.591e-03
0.34150 1.12193 5.591e-03
0.34200 1.11958 5.591e-03
0.34250 1.11690 5.591e-03
0.34300 1.11512 5.591e-03
0.34350 1.11923 5.591e-03
0.34400 1.12442 5.591e-03
0.34450 1.10785 5.591e-03
0.34500 1.12190 5.591e-03
0.34550 1.11874 5.591e-03
0.34600 1.12126 5.591e-03
0.34650 1.12290 5.591e-03
0.34700 1.11746 5.591e-03
0.34750 1.11067 5.591e-03
0.34800 1.11505 5.591e-03
0.34850 1.11174 5.591e-03
0.34900 1.10772 5.591e-03
0.34950 1.11805 5.591e-03
0.35000 1.11785 5.591e-03
0.35050 1.12032 5.591e-03
0.35100 1.11621 5.591e-03
0.35150 1.11119 5.591e-03
0.35200 1.11499 5.591e-03
0.35250 1.11859 5.591e-03
0.35300 1.12494 5.591e-03
0.35350 1.11650 5.591e-03
0.35400 1.12544 5.591e-03
0.35450 1.10865 5.591e-03
0.35500 1.11451 5.591e-03
0.35550 1.11516 5.591e-03
0.35600 1.12467 5.591e-03
0.35650 1.11283 5.591e-03
0.35700 1.11741 5.591e-03
0.35750 1.11848 5.591e-03
0.35800 1.10434 5.591e-03
0.35850 1.11620 5.591e-03
0.35900 1.11437 5.591e-03
0.35950 1.11498 5.591e-03
0.36000 1.11415 5.591e-03
0.36050 1.11244 5.591e-03
0.36100 1.12023 5.591e-03
0.36150 1.11709 5.591e-03
0.36200 1.12597 5.591e-03
0.36250 1.11636 5.591e-03
0.36300 1.11589 5.591e-03
0.36350 1.12079 5.591e-03
0.36400 1.12464 5.591e-03
0.36450 1.11772 5.591e-03
0.36500 1.11548 5.591e-03
0.36550 1.11253 5.591e-03
0.36600 1.12403 5.591e-03
0.36650 1.11642 5.591e-03
0.36700 1.12593 5.591e-03
0.36750 1.12280 5.591e-03
0.36800 1.12182 5.591e-03
0.36850 1.14418 5.591e-03
0.36900 1.12355 5.591e-03
0.36950 1.11406 5.591e-03
0.37000 1.11624 5.591e-03
0.37050 1.11481 5.591e-03
0.37100 1.12729 5.591e-03
0.37150 1.11056 5.591e-03
0.37200 1.11905 5.591e-03
0.37250 1.12029 5.591e-03
0.37300 1.12014 5.591e-03
0.37350 1.12055 5.591e-03
0.37400 1.12035 5.591e-03
0.37450 1.11455 5.591e-03
0.37500 1.11878 5.591e-03
0.37550 1.11866 5.591e-03
0.37600 1.12493 5.591e-03
0.37650 1.11219 5.591e-03
0.37700 1.11363 5.591e-03
0.37750 1.12629 5.591e-03
0.37800 1.11530 5.591e-03
0.37850 1.12151 5.591e-03
0.37900 1.11385 5.591e-03
0.37950 1.12171 5.591e-03
0.38000 1.12089 5.591e-03
0.38050 1.11894 5.591e-03
0.38100 1.11481 5.591e-03
0.38150 1.11255 5.591e-03
0.38200 1.11008 5.591e-03
0.38250 1.11434 5.591e-03
0.38300 1.11815 5.591e-03
0.38350 1.10835 5.591e-03
0.38400 1.12391 5.591e-03
0.38450 1.12975 5.591e-03
0.38500 1.12587 5.591e-03
0.38550 1.12322 5.591e-03
0.38600 1.12158 5.591e-03
0.38650 1.11834 5.591e-03
0.38700 1.11724 5.591e-03
0.38750 1.13038 5.591e-03
0.38800 1.11525 5.591e-03
0.38850 1.11685 5.591e-03
0.38900 1.10727 5.591e-03
0.38950 1.12411 5.591e-03
0.39000 1.11580 5.591e-03
0.39050 1.11486 5.591e-03
0.39100 1.11829 5.591e-03
0.39150 1.12323 5.591e-03
0.39200 1.11339 5.591e-03
0.39250 1.12284 5.591e-03
0.39300 1.11600 5.591e-03
0.39350 1.11596 5.591e-03
0.39400 1.13040 5.591e-03
0.39450 1.12351 5.591e-03
0.39500 1.11767 5.591e-03
0.39550 1.11582 5.591e-03
0.39600 1.11914 5.591e-03
0.39650 1.11598 5.591e-03
0.39700 1.11755 5.591e-03
0.39750 1.12057 5.591e-03
0.39800 1.10975 5.591e-03
0.39850 1.11671 5.591e-03
0.39900 1.11307 5.591e-03
0.39950 1.13019 5.591e-03
0.40000 1.11063 5.591e-03
0.40050 1.12367 5.591e-03
0.40100 1.11857 5.591e-03
0.40150 1.13079 5.591e-03
0.40200 1.11393 5.591e-03
0.40250 1.11769 5.591e-03
0.40300 1.12276 5.591e-03
0.40350 1.11149 5.591e-03
0.40400 1.11446 5.591e-03
0.40450 1.12219 5.591e-03
0.40500 1.11482 5.591e-03
0.40550 1.12125 5.591e-03
0.40600 1.11642 5.591e-03
0.40650 1.11719 5.591e-03
0.40700 1.11215 5.591e-03
0.40750 1.12035 5.591e-03
0.40800 1.11205 5.591e-03
0.40850 1.11682 5.591e-03
0.40900 1.12520 5.591e-03
0.40950 1.12281 5.591e-03
0.41000 1.13496 5.591e-03
0.41050 1.10933 5.591e-03
0.41100 1.11694 5.591e-03
0.41150 1.12433 5.591e-03
0.41200 1.11212 5.591e-03
0.41250 1.11796 5.591e-03
0.41300 1.12179 5.591e-03
0.41350 1.12636 5.591e-03
0.41400 1.11183 5.591e-03
0.41450 1.10884 5.591e-03
0.41500 1.11519 5.591e-03
0.41550 1.11542 5.591e-03
0.41600 1.11769 5.591e-03
0.41650 1.11608 5.591e-03
0.41700 1.12360 5.591e-03
0.41750 1.11487 5.591e-03
0.41800 1.12054 5.591e-03
0.41850 1.11936 5.591e-03
0.41900 1.12859 5.591e-03
0.41950 1.12039 5.591e-03
0.42000 1.12083 5.591e-03
0.42050 1.11884 5.591e-03
0.42100 1.11509 5.591e-03
0.42150 1.11162 5.591e-03
0.42200 1.12152 5.591e-03
0.42250 1.11470 5.591e-03
0.42300 1.10850 5.591e-03
0.42350 1.11798 5.591e-03
0.42400 1.11602 5.591e-03
0.42450 1.11317 5.591e-03
0.42500 1.11404 5.591e-03
0.42550 1.11778 5.591e-03
0.42600 1.11326 5.591e-03
0.42650 1.10994 5.591e-03
0.42700 1.10365 5.591e-03
0.42750 1.11163 5.591e-03
0.42800 1.10664 5.591e-03
0.42850 1.11396 5.591e-03
0.42900 1.11033 5.591e-03
0.42950 1.10661 5.591e-03
0.43000 1.10500 5.591e-03
0.43050 1.09371 5.591e-03
0.43100 1.10217 5.591e-03
0.43150 1.09561 5.591e-03
0.43200 1.10740 5.591e-03
0.43250 1.10267 5.591e-03
0.43300 1.10821 5.591e-03
0.43350 1.09811 5.591e-03
0.43400 1.09445 5.591e-03
0.43450 1.09183 5.591e-03
0.43500 1.09234 5.591e-03
0.43550 1.08916 5.591e-03
0.43600 1.08963 5.591e-03
0.43650 1.08800 5.591e-03
0.43700 1.08610 5.591e-03
0.43750 1.08352 5.591e-03
0.43800 1.08957 5.591e-03
0.43850 1.07836 5.591e-03
0.43900 1.07591 5.591e-03
0.43950 1.07861 5.591e-03
0.44000 1.07917 5.591e-03
0.44050 1.07582 5.591e-03
0.44100 1.08391 5.591e-03
0.44150 1.07478 5.591e-03
0.44200 1.07696 5.591e-03
0.44250 1.06491 5.591e-03
0.44300 1.06035 5.591e-03
0.44350 1.06822 5.591e-03
0.44400 1.06000 5.591e-03
0.44450 1.06016 5.591e-03
0.44500 1.05199 5.591e-03
0.44550 1.05879 5.591e-03
0.44600 1.06700 5.591e-03
0.44650 1.05545 5.591e-03
0.44700 1.04628 5.591e-03
0.44750 1.03868 5.591e-03
0.44800 1.04109 5.591e-03
0.44850 1.03470 5.591e-03
0.44900 1.04519 5.591e-03
0.44950 1.03543 5.591e-03
0.45000 1.04165 5.591e-03
0.45050 1.03575 5.591e-03
0.45100 1.03138 5.591e-03
0.45150 1.02550 5.591e-03
0.45200 1.03381 5.591e-03
0.45250 1.02931 5.591e-03
0.45300 1.03227 5.591e-03
0.45350 1.03052 5.591e-03
0.45400 1.01905 5.591e-03
0.45450 1.02462 5.591e-03
0.45500 1.01888 5.591e-03
0.45550 1.02002 5.591e-03
0.45600 1.01005 5.591e-03
0.45650 1.01082 5.591e-03
0.45700 1.00455 5.591e-03
0.45750 1.01398 5.591e-03
0.45800 1.00382 5.591e-03
0.45850 1.00410 5.591e-03
0.45900 1.00842 5.591e-03
0.45950 1.00405 5.591e-03
0.46000 0.99772 5.591e-03
0.46050 0.99357 5.591e-03
0.46100 0.98184 5.591e-03
0.46150 0.99138 5.591e-03
0.46200 0.98523 5.591e-03
0.46250 0.99134 5.591e-03
0.46300 0.97930 5.591e-03
0.46350 0.96809 5.591e-03
0.46400 0.97298 5.591e-03
0.46450 0.97366 5.591e-03
0.46500 0.96769 5.591e-03
0.46550 0.97153 5.591e-03
0.46600 0.96995 5.591e-03
0.46650 0.96566 5.591e-03
0.46700 0.96836 5.591e-03
0.46750 0.95301 5.591e-03
0.46800 0.95745 5.591e-03
0.46850 0.95295 5.591e-03
0.46900 0.94281 5.591e-03
0.46950 0.95195 5.591e-03
0.47000 0.94556 5.591e-03
0.47050 0.95625 5.591e-03
0.47100 0.93870 5.591e-03
0.47150 0.94484 5.591e-03
0.47200 0.94586 5.591e-03
0.47250 0.93516 5.591e-03
0.47300 0.94879 5.591e-03
0.47350 0.93409 5.591e-03
0.47400 0.92995 5.591e-03
0.47450 0.93422 5.591e-03
0.47500 0.92564 5.591e-03
0.47550 0.93709 5.591e-03
0.47600 0.93770 5.591e-03
0.47650 0.92509 5.591e-03
0.47700 0.92478 5.591e-03
0.47750 0.92096 5.591e-03
0.47800 0.91109 5.591e-03
0.47850 0.91200 5.591e-03
0.47900 0.91274 5.591e-03
0.47950 0.92335 5.591e-03
0.48000 0.90487 5.591e-03
0.48050 0.91092 5.591e-03
0.48100 0.90596 5.591e-03
0.48150 0.90807 5.591e-03
0.48200 0.91512 5.591e-03
0.48250 0.90948 5.591e-03
0.48300 0.90190 5.591e-03
0.48350 0.90457 5.591e-03
0.48400 0.90616 5.591e-03
0.48450 0.90543 5.591e-03
0.48500 0.90393 5.591e-03
0.48550 0.89704 5.591e-03
0.48600 0.90208 5.591e-03
0.48650 0.90329 5.591e-03
0.48700 0.91175 5.591e-03
0.48750 0.90869 5.591e-03
0.48800 0.91045 5.591e-03
0.48850 0.91030 5.591e-03
0.48900 0.89801 5.591e-03
0.48950 0.91375 5.591e-03
0.49000 0.91198 5.591e-03
0.49050 0.90077 5.591e-03
0.49100 0.90309 5.591e-03
0.49150 0.90013 5.591e-03
0.49200 0.91365 5.591e-03
0.49250 0.90717 5.591e-03
0.49300 0.90830 5.591e-03
0.49350 0.91011 5.591e-03
0.49400 0.91071 5.591e-03
0.49450 0.90368 5.591e-03
0.49500 0.91158 5.591e-03
0.49550 0.90489 5.591e-03
0.49600 0.89632 5.591e-03
0.49650 0.90995 5.591e-03
0.49700 0.90763 5.591e-03
0.49750 0.90435 5.591e-03
0.49800 0.90765 5.591e-03
0.49850 0.90785 5.591e-03
0.49900 0.89586 5.591e-03
0.49950 0.89653 5.591e-03
0.50000 0.90621 5.591e-03
0.50050 0.90327 5.591e-03
0.50100 0.90943 5.591e-03
0.50150 0.90584 5.591e-03
0.50200 0.90604 5.591e-03
0.50250 0.91002 5.591e-03
0.50300 0.91671 5.591e-03
0.50350 0.90841 5.591e-03
0.50400 0.91205 5.591e-03
0.50450 0.90912 5.591e-03
0.50500 0.90561 5.591e-03
0.50550 0.89829 5.591e-03
0.50600 0.91006 5.591e-03
0.50650 0.90951 5.591e-03
0.50700 0.90831 5.591e-03
0.50750 0.90279 5.591e-03
0.50800 0.90179 5.591e-03
0.50850 0.90899 5.591e-03
0.50900 0.90539 5.591e-03
0.50950 0.90419 5.591e-03
0.51000 0.91136 5.591e-03
0.51050 0.90440 5.591e-03
0.51100 0.91484 5.591e-03
0.51150 0.90709 5.591e-03
0.51200 0.89461 5.591e-03
0.51250 0.90292 5.591e-03
0.51300 0.89773 5.591e-03
0.51350 0.90962 5.591e-03
0.51400 0.90559 5.591e-03
0.51450 0.90254 5.591e-03
0.51500 0.90608 5.591e-03
0.51550 0.90821 5.591e-03
0.51600 0.89274 5.591e-03
0.51650 0.90657 5.591e-03
0.51700 0.89960 5.591e-03
0.51750 0.90456 5.591e-03
0.51800 0.90434 5.591e-03
0.51850 0.89661 5.591e-03
0.51900 0.90962 5.591e-03
0.51950 0.90976 5.591e-03
0.52000 0.91509 5.591e-03
0.52050 0.90357 5.591e-03
0.52100 0.91111 5.591e-03
0.52150 0.92508 5.591e-03
0.52200 0.91896 5.591e-03
0.52250 0.92068 5.591e-03
0.52300 0.91685 5.591e-03
0.52350 0.91878 5.591e-03
0.52400 0.92576 5.591e-03
0.52450 0.92996 5.591e-03
0.52500 0.92947 5.591e-03
0.52550 0.93208 5.591e-03
0.52600 0.93108 5.591e-03
0.52650 0.93586 5.591e-03
0.52700 0.94319 5.591e-03
0.52750 0.93761 5.591e-03
0.52800 0.94141 5.591e-03
0.52850 0.94255 5.591e-03
0.52900 0.94809 5.591e-03
0.52950 0.95368 5.591e-03
0.53000 0.94313 5.591e-03
0.53050 0.95251 5.591e-03
0.53100 0.94862 5.591e-03
0.53150 0.95371 5.591e-03
0.53200 0.95750 5.591e-03
0.53250 0.95490 5.591e-03
0.53300 0.95695 5.591e-03
0.53350 0.96764 5.591e-03
0.53400 0.96410 5.591e-03
0.53450 0.96825 5.591e-03
0.53500 0.97466 5.591e-03
0.53550 0.97627 5.591e-03
0.53600 0.97383 5.591e-03
0.53650 0.97814 5.591e-03
0.53700 0.97733 5.591e-03
0.53750 0.98483 5.591e-03
0.53800 0.97765 5.591e-03
0.53850 0.98258 5.591e-03
0.53900 0.99466 5.591e-03
0.53950 0.99177 5.591e-03
0.54000 0.99748 5.591e-03
0.54050 1.00862 5.591e-03
0.54100 1.00032 5.591e-03
0.54150 1.00875 5.591e-03
0.54200 1.00905 5.591e-03
0.54250 0.99891 5.591e-03
0.54300 1.00780 5.591e-03
0.54350 1.01821 5.591e-03
0.54400 1.01535 5.591e-03
0.54450 1.01368 5.591e-03
0.54500 1.01660 5.591e-03
0.54550 1.02222 5.591e-03
0.54600 1.01910 5.591e-03
0.54650 1.02336 5.591e-03
0.54700 1.01870 5.591e-03
0.54750 1.03949 5.591e-03
0.54800 1.03161 5.591e-03
0.54850 1.03869 5.591e-03
0.54900 1.03425 5.591e-03
0.54950 1.04518 5.591e-03
0.55000 1.03979 5.591e-03
0.55050 1.04296 5.591e-03
0.55100 1.03783 5.591e-03
0.55150 1.04320 5.591e-03
0.55200 1.04399 5.591e-03
0.55250 1.03648 5.591e-03
0.55300 1.05130 5.591e-03
0.55350 1.06067 5.591e-03
0.55400 1.05356 5.591e-03
0.55450 1.04955 5.591e-03
0.55500 1.05963 5.591e-03
0.55550 1.06889 5.591e-03
0.55600 1.05583 5.591e-03
0.55650 1.06010 5.591e-03
0.55700 1.05457 5.591e-03
0.55750 1.07037 5.591e-03
0.55800 1.06285 5.591e-03
0.55850 1.07040 5.591e-03
0.55900 1.07853 5.591e-03
0.55950 1.07735 5.591e-03
0.56000 1.07767 5.591e-03
0.56050 1.08036 5.591e-03
0.56100 1.09529 5.591e-03
0.56150 1.07865 5.591e-03
0.56200 1.08251 5.591e-03
0.56250 1.09208 5.591e-03
0.56300 1.08615 5.591e-03
0.56350 1.09029 5.591e-03
0.56400 1.09077 5.591e-03
0.56450 1.09137 5.591e-03
0.56500 1.09011 5.591e-03
0.56550 1.09318 5.591e-03
0.56600 1.10029 5.591e-03
0.56650 1.09876 5.591e-03
0.56700 1.08523 5.591e-03
0.56750 1.10011 5.591e-03
0.56800 1.10158 5.591e-03
0.56850 1.10545 5.591e-03
0.56900 1.10003 5.591e-03
0.56950 1.10273 5.591e-03
0.57000 1.10259 5.591e-03
0.57050 1.11489 5.591e-03
0.57100 1.10111 5.591e-03
0.57150 1.11586 5.591e-03
0.57200 1.10965 5.591e-03
0.57250 1.11197 5.591e-03
0.57300 1.11204 5.591e-03
0.57350 1.10418 5.591e-03
0.57400 1.11796 5.591e-03
0.57450 1.11266 5.591e-03
0.57500 1.11083 5.591e-03
0.57550 1.12105 5.591e-03
0.57600 1.10475 5.591e-03
0.57650 1.11230 5.591e-03
0.57700 1.11784 5.591e-03
0.57750 1.11723 5.591e-03
0.57800 1.11133 5.591e-03
0.57850 1.11752 5.591e-03
0.57900 1.12674 5.591e-03
0.57950 1.11478 5.591e-03
0.58000 1.12007 5.591e-03
0.58050 1.11299 5.591e-03
0.58100 1.11995 5.591e-03
0.58150 1.11918 5.591e-03
0.58200 1.11748 5.591e-03
0.58250 1.11678 5.591e-03
0.58300 1.11852 5.591e-03
0.58350 1.11787 5.591e-03
0.58400 1.11594 5.591e-03
0.58450 1.11153 5.591e-03
0.58500 1.11708 5.591e-03
0.58550 1.11075 5.591e-03
0.58600 1.11592 5.591e-03
0.58650 1.11145 5.591e-03
0.58700 1.12301 5.591e-03
0.58750 1.13083 5.591e-03
0.58800 1.11827 5.591e-03
0.58850 1.11355 5.591e-03
0.58900 1.11715 5.591e-03
0.58950 1.11415 5.591e-03
0.59000 1.11720 5.591e-03
0.59050 1.10961 5.591e-03
0.59100 1.11656 5.591e-03
0.59150 1.12676 5.591e-03
0.59200 1.11727 5.591e-03
0.59250 1.12310 5.591e-03
0.59300 1.12259 5.591e-03
0.59350 1.11783 5.591e-03
0.59400 1.12201 5.591e-03
0.59450 1.11867 5.591e-03
0.59500 1.12315 5.591e-03
0.59550 1.12791 5.591e-03
0.59600 1.11983 5.591e-03
0.59650 1.12635 5.591e-03
0.59700 1.12250 5.591e-03
0.59750 1.11510 5.591e-03
0.59800 1.12182 5.591e-03
0.59850 1.10821 5.591e-03
0.59900 1.11494 5.591e-03
0.59950 1.13036 5.591e-03
0.60000 1.10906 5.591e-03
0.60050 1.11193 5.591e-03
0.60100 1.11519 5.591e-03
0.60150 1.12564 5.591e-03
0.60200 1.11533 5.591e-03
0.60250 1.11490 5.591e-03
0.60300 1.12142 5.591e-03
0.60350 1.11503 5.591e-03
0.60400 1.11818 5.591e-03
0.60450 1.11500 5.591e-03
0.60500 1.11894 5.591e-03
0.60550 1.11046 5.591e-03
0.60600 1.11564 5.591e-03
0.60650 1.11611 5.591e-03
0.60700 1.12050 5.591e-03
0.60750 1.12165 5.591e-03
0.60800 1.11679 5.591e-03
0.60850 1.12283 5.591e-03
0.60900 1.11589 5.591e-03
0.60950 1.10487 5.591e-03
0.61000 1.11734 5.591e-03
0.61050 1.12017 5.591e-03
0.61100 1.11852 5.591e-03
0.61150 1.11363 5.591e-03
0.61200 1.12432 5.591e-03
0.61250 1.12106 5.591e-03
0.61300 1.11508 5.591e-03
0.61350 1.11650 5.591e-03
0.61400 1.11921 5.591e-03
0.61450 1.10974 5.591e-03
0.61500 1.12762 5.591e-03
0.61550 1.12406 5.591e-03
0.61600 1.11147 5.591e-03
0.61650 1.10918 5.591e-03
0.61700 1.11213 5.591e-03
0.61750 1.11647 5.591e-03
0.61800 1.11748 5.591e-03
0.61850 1.11858 5.591e-03
0.61900 1.11551 5.591e-03
0.61950 1.11438 5.591e-03
0.62000 1.12481 5.591e-03
0.62050 1.11119 5.591e-03
0.62100 1.12092 5.591e-03
0.62150 1.11921 5.591e-03
0.62200 1.10751 5.591e-03
0.62250 1.13321 5.591e-03
0.62300 1.11799 5.591e-03
0.62350 1.11023 5.591e-03
0.62400 1.11998 5.591e-03
0.62450 1.11291 5.591e-03
0.62500 1.11648 5.591e-03
0.62550 1.10805 5.591e-03
0.62600 1.10921 5.591e-03
0.62650 1.12402 5.591e-03
0.62700 1.12270 5.591e-03
0.62750 1.11551 5.591e-03
0.62800 1.11210 5.591e-03
0.62850 1.12342 5.591e-03
0.62900 1.11649 5.591e-03
0.62950 1.11277 5.591e-03
0.63000 1.12087 5.591e-03
0.63050 1.11938 5.591e-03
0.63100 1.12414 5.591e-03
0.63150 1.11715 5.591e-03
0.63200 1.12077 5.591e-03
0.63250 1.11588 5.591e-03
0.63300 1.11383 5.591e-03
0.63350 1.12333 5.591e-03
0.63400 1.11301 5.591e-03
0.63450 1.11567 5.591e-03
0.63500 1.11553 5.591e-03
0.63550 1.11852 5.591e-03
0.63600 1.11973 5.591e-03
0.63650 1.11394 5.591e-03
0.63700 1.11395 5.591e-03
0.63750 1.11840 5.591e-03
0.63800 1.10839 5.591e-03
0.63850 1.10894 5.591e-03
0.63900 1.12191 5.591e-03
0.63950 1.11773 5.591e-03
0.64000 1.11665 5.591e-03
0.64050 1.11812 5.591e-03
0.64100 1.11978 5.591e-03
0.64150 1.11322 5.591e-03
0.64200 1.11569 5.591e-03
0.64250 1.11484 5.591e-03
0.64300 1.11931 5.591e-03
0.64350 1.12683 5.591e-03
0.64400 1.12075 5.591e-03
0.64450 1.12091 5.591e-03
0.64500 1.11832 5.591e-03
0.64550 1.12328 5.591e-03
0.64600 1.10066 5.591e-03
0.64650 1.12632 5.591e-03
0.64700 1.11491 5.591e-03
0.64750 1.12666 5.591e-03
0.64800 1.11662 5.591e-03
0.64850 1.10930 5.591e-03
0.64900 1.11778 5.591e-03
0.64950 1.11506 5.591e-03
0.65000 1.12343 5.591e-03
0.65050 1.12011 5.591e-03
0.65100 1.12110 5.591e-03
0.65150 1.11109 5.591e-03
0.65200 1.11798 5.591e-03
0.65250 1.10667 5.591e-03
0.65300 1.12219 5.591e-03
0.65350 1.13016 5.591e-03
0.65400 1.11276 5.591e-03
0.65450 1.11368 5.591e-03
0.65500 1.11008 5.591e-03
0.65550 1.11333 5.591e-03
0.65600 1.12757 5.591e-03
0.65650 1.10985 5.591e-03
0.65700 1.12545 5.591e-03
0.65750 1.12502 5.591e-03
0.65800 1.11837 5.591e-03
0.65850 1.11425 5.591e-03
0.65900 1.11274 5.591e-03
0.65950 1.10917 5.591e-03
0.66000 1.12299 5.591e-03
0.66050 1.11424 5.591e-03
0.66100 1.12289 5.591e-03
0.66150 1.11082 5.591e-03
0.66200 1.10630 5.591e-03
0.66250 1.11844 5.591e-03
0.66300 1.12102 5.591e-03
0.66350 1.11934 5.591e-03
0.66400 1.12322 5.591e-03
0.66450 1.11695 5.591e-03
0.66500 1.11407 5.591e-03
0.66550 1.11240 5.591e-03
0.66600 1.11819 5.591e-03
0.66650 1.10962 5.591e-03
0.66700 1.12626 5.591e-03
0.66750 1.11788 5.591e-03
0.66800 1.12118 5.591e-03
0.66850 1.10825 5.591e-03
0.66900 1.12518 5.591e-03
0.66950 1.12759 5.591e-03
0.67000 1.11105 5.591e-03
0.67050 1.12781 5.591e-03
0.67100 1.11611 5.591e-03
0.67150 1.12080 5.591e-03
0.67200 1.10500 5.591e-03
0.67250 1.10592 5.591e-03
0.67300 1.12426 5.591e-03
0.67350 1.12470 5.591e-03
0.67400 1.11890 5.591e-03
0.67450 1.11099 5.591e-03
0.67500 1.11655 5.591e-03
0.67550 1.11296 5.591e-03
0.67600 1.11839 5.591e-03
0.67650 1.12255 5.591e-03
0.67700 1.11607 5.591e-03
0.67750 1.11624 5.591e-03
0.67800 1.11823 5.591e-03
0.67850 1.10956 5.591e-03
0.67900 1.13824 5.591e-03
0.67950 1.11328 5.591e-03
0.68000 1.12598 5.591e-03
0.68050 1.11141 5.591e-03
0.68100 1.11674 5.591e-03
0.68150 1.12146 5.591e-03
0.68200 1.11828 5.591e-03
0.68250 1.12395 5.591e-03
0.68300 1.11460 5.591e-03
0.68350 1.11231 5.591e-03
0.68400 1.11108 5.591e-03
0.68450 1.12148 5.591e-03
0.68500 1.11110 5.591e-03
0.68550 1.11516 5.591e-03
0.68600 1.11686 5.591e-03
0.68650 1.12264 5.591e-03
0.68700 1.11019 5.591e-03
0.68750 1.11191 5.591e-03
0.68800 1.13266 5.591e-03
0.68850 1.12087 5.591e-03
0.68900 1.11360 5.591e-03
0.68950 1.11816 5.591e-03
0.69000 1.11999 5.591e-03
0.69050 1.11956 5.591e-03
0.69100 1.12237 5.591e-03
0.69150 1.11482 5.591e-03
0.69200 1.11910 5.591e-03
0.69250 1.12866 5.591e-03
0.69300 1.12572 5.591e-03
0.69350 1.11496 5.591e-03
0.69400 1.11590 5.591e-03
0.69450 1.11808 5.591e-03
0.69500 1.12386 5.591e-03
0.69550 1.11962 5.591e-03
0.69600 1.11708 5.591e-03
0.69650 1.11637 5.591e-03
0.69700 1.11447 5.591e-03
0.69750 1.12532 5.591e-03
0.69800 1.11689 5.591e-03
0.69850 1.11333 5.591e-03
0.69900 1.12390 5.591e-03
0.69950 1.11465 5.591e-03
0.70000 1.11878 5.591e-03
0.70050 1.12061 5.591e-03
0.70100 1.11473 5.591e-03
0.70150 1.11660 5.591e-03
0.70200 1.12328 5.591e-03
0.70250 1.12232 5.591e-03
0.70300 1.11641 5.591e-03
0.70350 1.10881 5.591e-03
0.70400 1.12494 5.591e-03
0.70450 1.12596 5.591e-03
0.70500 1.12627 5.591e-03
0.70550 1.12021 5.591e-03
0.70600 1.11450 5.591e-03
0.70650 1.12705 5.591e-03
0.70700 1.12158 5.591e-03
0.70750 1.12213 5.591e-03
0.70800 1.11603 5.591e-03
0.70850 1.11569 5.591e-03
0.70900 1.11695 5.591e-03
0.70950 1.10123 5.591e-03
0.71000 1.11425 5.591e-03
0.71050 1.12777 5.591e-03
0.71100 1.12214 5.591e-03
0.71150 1.11698 5.591e-03
0.71200 1.12606 5.591e-03
0.71250 1.12667 5.591e-03
0.71300 1.11953 5.591e-03
0.71350 1.10596 5.591e-03
0.71400 1.12343 5.591e-03
0.71450 1.11515 5.591e-03
0.71500 1.13033 5.591e-03
0.71550 1.12321 5.591e-03
0.71600 1.11571 5.591e-03
0.71650 1.12689 5.591e-03
0.71700 1.12441 5.591e-03
0.71750 1.11917 5.591e-03
0.71800 1.11825 5.591e-03
0.71850 1.12194 5.591e-03
0.71900 1.11432 5.591e-03
0.71950 1.12431 5.591e-03
0.72000 1.11198 5.591e-03
0.72050 1.12149 5.591e-03
0.72100 1.11894 5.591e-03
0.72150 1.11873 5.591e-03
0.72200 1.11449 5.591e-03
0.72250 1.12238 5.591e-03
0.72300 1.11695 5.591e-03
0.72350 1.12209 5.591e-03
0.72400 1.11510 5.591e-03
0.72450 1.12718 5.591e-03
0.72500 1.12589 5.591e-03
0.72550 1.11942 5.591e-03
0.72600 1.12663 5.591e-03
0.72650 1.12146 5.591e-03
0.72700 1.11944 5.591e-03
0.72750 1.11479 5.591e-03
0.72800 1.11128 5.591e-03
0.72850 1.11517 5.591e-03
0.72900 1.11878 5.591e-03
0.72950 1.11784 5.591e-03
0.73000 1.11522 5.591e-03
0.73050 1.11360 5.591e-03
0.73100 1.11486 5.591e-03
0.73150 1.11456 5.591e-03
0.73200 1.11317 5.591e-03
0.73250 1.12109 5.591e-03
0.73300 1.11256 5.591e-03
0.73350 1.11473 5.591e-03
0.73400 1.11630 5.591e-03
0.73450 1.13031 5.591e-03
0.73500 1.12281 5.591e-03
0.73550 1.11979 5.591e-03
0.73600 1.13065 5.591e-03
0.73650 1.11462 5.591e-03
0.73700 1.11423 5.591e-03
0.73750 1.12079 5.591e-03
0.73800 1.12352 5.591e-03
0.73850 1.11691 5.591e-03
0.73900 1.12186 5.591e-03
0.73950 1.11089 5.591e-03
0.74000 1.11363 5.591e-03
0.74050 1.11971 5.591e-03
0.74100 1.12008 5.591e-03
0.74150 1.11538 5.591e-03
0.74200 1.11787 5.591e-03
0.74250 1.12306 5.591e-03
0.74300 1.11696 5.591e-03
0.74350 1.11011 5.591e-03
0.74400 1.11611 5.591e-03
0.74450 1.12955 5.591e-03
0.74500 1.11854 5.591e-03
0.74550 1.11715 5.591e-03
0.74600 1.11698 5.591e-03
0.74650 1.12145 5.591e-03
0.74700 1.11089 5.591e-03
0.74750 1.11394 5.591e-03
0.74800 1.11684 5.591e-03
0.74850 1.11385 5.591e-03
0.74900 1.12401 5.591e-03
0.74950 1.11483 5.591e-03
0.75000 1.11775 5.591e-03
0.75050 1.11239 5.591e-03
0.75100 1.12681 5.591e-03
0.75150 1.13022 5.591e-03
0.75200 1.11491 5.591e-03
0.75250 1.12363 5.591e-03
0.75300 1.11925 5.591e-03
0.75350 1.11405 5.591e-03
0.75400 1.11263 5.591e-03
0.75450 1.12421 5.591e-03
0.75500 1.11627 5.591e-03
0.75550 1.12115 5.591e-03
0.75600 1.12219 5.591e-03
0.75650 1.10838 5.591e-03
0.75700 1.12002 5.591e-03
0.75750 1.11511 5.591e-03
0.75800 1.11801 5.591e-03
0.75850 1.12465 5.591e-03
0.75900 1.12056 5.591e-03
0.75950 1.12040 5.591e-03
0.76000 1.11511 5.591e-03
0.76050 1.11498 5.591e-03
0.76100 1.12153 5.591e-03
0.76150 1.12445 5.591e-03
0.76200 1.11699 5.591e-03
0.76250 1.12544 5.591e-03
0.76300 1.13536 5.591e-03
0.76350 1.11923 5.591e-03
0.76400 1.11351 5.591e-03
0.76450 1.11751 5.591e-03
0.76500 1.11617 5.591e-03
0.76550 1.11892 5.591e-03
0.76600 1.12017 5.591e-03
0.76650 1.11505 5.591e-03
0.76700 1.11236 5.591e-03
0.76750 1.11941 5.591e-03
0.76800 1.11635 5.591e-03
0.76850 1.12357 5.591e-03
0.76900 1.11832 5.591e-03
0.76950 1.12084 5.591e-03
0.77000 1.12577 5.591e-03
0.77050 1.11421 5.591e-03
0.77100 1.11616 5.591e-03
0.77150 1.12332 5.591e-03
0.77200 1.10500 5.591e-03
0.77250 1.10887 5.591e-03
0.77300 1.12460 5.591e-03
0.77350 1.11183 5.591e-03
0.77400 1.10770 5.591e-03
0.77450 1.11997 5.591e-03
0.77500 1.11685 5.591e-03
0.77550 1.11500 5.591e-03
0.77600 1.11416 5.591e-03
0.77650 1.11927 5.591e-03
0.77700 1.11611 5.591e-03
0.77750 1.12077 5.591e-03
0.77800 1.12229 5.591e-03
0.77850 1.11553 5.591e-03
0.77900 1.12824 5.591e-03
0.77950 1.12678 5.591e-03
0.78000 1.10933 5.591e-03
0.78050 1.11634 5.591e-03
0.78100 1.12002 5.591e-03
0.78150 1.10767 5.591e-03
0.78200 1.11143 5.591e-03
0.78250 1.11969 5.591e-03
0.78300 1.12550 5.591e-03
0.78350 1.11834 5.591e-03
0.78400 1.11921 5.591e-03
0.78450 1.11648 5.591e-03
0.78500 1.13123 5.591e-03
0.78550 1.11679 5.591e-03
0.78600 1.11997 5.591e-03
0.78650 1.11527 5.591e-03
0.78700 1.11845 5.591e-03
0.78750 1.11409 5.591e-03
0.78800 1.12396 5.591e-03
0.78850 1.12521 5.591e-03
0.78900 1.11998 5.591e-03
0.78950 1.11488 5.591e-03
0.79000 1.11718 5.591e-03
0.79050 1.13056 5.591e-03
0.79100 1.12423 5.591e-03
0.79150 1.12379 5.591e-03
0.79200 1.12737 5.591e-03
0.79250 1.10944 5.591e-03
0.79300 1.11804 5.591e-03
0.79350 1.11374 5.591e-03
0.79400 1.11279 5.591e-03
0.79450 1.12377 5.591e-03
0.79500 1.12432 5.591e-03
0.79550 1.11827 5.591e-03
0.79600 1.12998 5.591e-03
0.79650 1.11222 5.591e-03
0.79700 1.12010 5.591e-03
0.79750 1.11056 5.591e-03
0.79800 1.11468 5.591e-03
0.79850 1.10690 5.591e-03
0.79900 1.12193 5.591e-03
0.79950 1.11538 5.591e-03
0.80000 1.10383 5.591e-03
0.80050 1.11480 5.591e-03
0.80100 1.11866 5.591e-03
0.80150 1.11388 5.591e-03
0.80200 1.12616 5.591e-03
0.80250 1.12075 5.591e-03
0.80300 1.12317 5.591e-03
0.80350 1.12043 5.591e-03
0.80400 1.11612 5.591e-03
0.80450 1.11248 5.591e-03
0.80500 1.13168 5.591e-03
0.80550 1.11092 5.591e-03
0.80600 1.11608 5.591e-03
0.80650 1.12463 5.591e-03
0.80700 1.11941 5.591e-03
0.80750 1.12553 5.591e-03
0.80800 1.10943 5.591e-03
0.80850 1.11802 5.591e-03
0.80900 1.12854 5.591e-03
0.80950 1.12359 5.591e-03
0.81000 1.11727 5.591e-03
0.81050 1.11948 5.591e-03
0.81100 1.11924 5.591e-03
0.81150 1.12228 5.591e-03
0.81200 1.11139 5.591e-03
0.81250 1.12385 5.591e-03
0.81300 1.12300 5.591e-03
0.81350 1.11437 5.591e-03
0.81400 1.11440 5.591e-03
0.81450 1.12912 5.591e-03
0.81500 1.12209 5.591e-03
0.81550 1.11167 5.591e-03
0.81600 1.12286 5.591e-03
0.81650 1.12865 5.591e-03
0.81700 1.11829 5.591e-03
0.81750 1.11546 5.591e-03
0.81800 1.12391 5.591e-03
0.81850 1.11998 5.591e-03
0.81900 1.11230 5.591e-03
0.81950 1.11327 5.591e-03
0.82000 1.11902 5.591e-03
0.82050 1.11833 5.591e-03
0.82100 1.11757 5.591e-03
0.82150 1.11420 5.591e-03
0.82200 1.11835 5.591e-03
0.82250 1.12330 5.591e-03
0.82300 1.11984 5.591e-03
0.82350 1.10610 5.591e-03
0.82400 1.12233 5.591e-03
0.82450 1.11224 5.591e-03
0.82500 1.12234 5.591e-03
0.82550 1.12481 5.591e-03
0.82600 1.10767 5.591e-03
0.82650 1.11756 5.591e-03
0.82700 1.11283 5.591e-03
0.82750 1.12234 5.591e-03
0.82800 1.11660 5.591e-03
0.82850 1.12051 5.591e-03
0.82900 1.12402 5.591e-03
0.82950 1.11007 5.591e-03
0.83000 1.12446 5.591e-03
0.83050 1.12446 5.591e-03
0.83100 1.11248 5.591e-03
0.83150 1.11809 5.591e-03
0.83200 1.12045 5.591e-03
0.83250 1.12037 5.591e-03
0.83300 1.11647 5.591e-03
0.83350 1.11425 5.591e-03
0.83400 1.11672 5.591e-03
0.83450 1.11237 5.591e-03
0.83500 1.10726 5.591e-03
0.83550 1.10877 5.591e-03
0.83600 1.11564 5.591e-03
0.83650 1.12018 5.591e-03
0.83700 1.11686 5.591e-03
0.83750 1.12115 5.591e-03
0.83800 1.10963 5.591e-03
0.83850 1.11271 5.591e-03
0.83900 1.11586 5.591e-03
0.83950 1.11283 5.591e-03
0.84000 1.11747 5.591e-03
0.84050 1.11399 5.591e-03
0.84100 1.11803 5.591e-03
0.84150 1.11830 5.591e-03
0.84200 1.11679 5.591e-03
0.84250 1.12418 5.591e-03
0.84300 1.12256 5.591e-03
0.84350 1.12201 5.591e-03
0.84400 1.11762 5.591e-03
0.84450 1.11524 5.591e-03
0.84500 1.11134 5.591e-03
0.84550 1.11428 5.591e-03
0.84600 1.12514 5.591e-03
0.84650 1.12476 5.591e-03
0.84700 1.11894 5.591e-03
0.84750 1.11363 5.591e-03
0.84800 1.11731 5.591e-03
0.84850 1.12254 5.591e-03
0.84900 1.12049 5.591e-03
0.84950 1.12042 5.591e-03
0.85000 1.12145 5.591e-03
