# 
# This file contains a simulated light curve of a single orbit of a circular orbit,
# eclipsing binary. The three columns are orbital phase (changes by 1 over the orbit),
# flux, and uncertainty in flux.
# 
-0.15000 0.66763 3.355e-03
-0.14950 0.66664 3.355e-03
-0.14900 0.66992 3.355e-03
-0.14850 0.67599 3.355e-03
-0.14800 0.67442 3.355e-03
-0.14750 0.66839 3.355e-03
-0.14700 0.67473 3.355e-03
-0.14650 0.66953 3.355e-03
-0.14600 0.66309 3.355e-03
-0.14550 0.67132 3.355e-03
-0.14500 0.67209 3.355e-03
-0.14450 0.66676 3.355e-03
-0.14400 0.67317 3.355e-03
-0.14350 0.66982 3.355e-03
-0.14300 0.66782 3.355e-03
-0.14250 0.66995 3.355e-03
-0.14200 0.66970 3.355e-03
-0.14150 0.67707 3.355e-03
-0.14100 0.66585 3.355e-03
-0.14050 0.66862 3.355e-03
-0.14000 0.67012 3.355e-03
-0.13950 0.66423 3.355e-03
-0.13900 0.67007 3.355e-03
-0.13850 0.66389 3.355e-03
-0.13800 0.66615 3.355e-03
-0.13750 0.67251 3.355e-03
-0.13700 0.67217 3.355e-03
-0.13650 0.67005 3.355e-03
-0.13600 0.66439 3.355e-03
-0.13550 0.67085 3.355e-03
-0.13500 0.66276 3.355e-03
-0.13450 0.66971 3.355e-03
-0.13400 0.67059 3.355e-03
-0.13350 0.66748 3.355e-03
-0.13300 0.66713 3.355e-03
-0.13250 0.67296 3.355e-03
-0.13200 0.66870 3.355e-03
-0.13150 0.66936 3.355e-03
-0.13100 0.66646 3.355e-03
-0.13050 0.66893 3.355e-03
-0.13000 0.67578 3.355e-03
-0.12950 0.67650 3.355e-03
-0.12900 0.67421 3.355e-03
-0.12850 0.67176 3.355e-03
-0.12800 0.66718 3.355e-03
-0.12750 0.66766 3.355e-03
-0.12700 0.66872 3.355e-03
-0.12650 0.67148 3.355e-03
-0.12600 0.67602 3.355e-03
-0.12550 0.66455 3.355e-03
-0.12500 0.67394 3.355e-03
-0.12450 0.66965 3.355e-03
-0.12400 0.66653 3.355e-03
-0.12350 0.66803 3.355e-03
-0.12300 0.66789 3.355e-03
-0.12250 0.66892 3.355e-03
-0.12200 0.66520 3.355e-03
-0.12150 0.67062 3.355e-03
-0.12100 0.67867 3.355e-03
-0.12050 0.67018 3.355e-03
-0.12000 0.66882 3.355e-03
-0.11950 0.66529 3.355e-03
-0.11900 0.66551 3.355e-03
-0.11850 0.66560 3.355e-03
-0.11800 0.67375 3.355e-03
-0.11750 0.67049 3.355e-03
-0.11700 0.66671 3.355e-03
-0.11650 0.66221 3.355e-03
-0.11600 0.67145 3.355e-03
-0.11550 0.67242 3.355e-03
-0.11500 0.67080 3.355e-03
-0.11450 0.68032 3.355e-03
-0.11400 0.67176 3.355e-03
-0.11350 0.67086 3.355e-03
-0.11300 0.67195 3.355e-03
-0.11250 0.66967 3.355e-03
-0.11200 0.67183 3.355e-03
-0.11150 0.67833 3.355e-03
-0.11100 0.67332 3.355e-03
-0.11050 0.67298 3.355e-03
-0.11000 0.67201 3.355e-03
-0.10950 0.67503 3.355e-03
-0.10900 0.67507 3.355e-03
-0.10850 0.67342 3.355e-03
-0.10800 0.67306 3.355e-03
-0.10750 0.67012 3.355e-03
-0.10700 0.67283 3.355e-03
-0.10650 0.66988 3.355e-03
-0.10600 0.66949 3.355e-03
-0.10550 0.67677 3.355e-03
-0.10500 0.67268 3.355e-03
-0.10450 0.67334 3.355e-03
-0.10400 0.67118 3.355e-03
-0.10350 0.66739 3.355e-03
-0.10300 0.67388 3.355e-03
-0.10250 0.67519 3.355e-03
-0.10200 0.66428 3.355e-03
-0.10150 0.67520 3.355e-03
-0.10100 0.67264 3.355e-03
-0.10050 0.67007 3.355e-03
-0.10000 0.67243 3.355e-03
-0.09950 0.67140 3.355e-03
-0.09900 0.67177 3.355e-03
-0.09850 0.66738 3.355e-03
-0.09800 0.67154 3.355e-03
-0.09750 0.67090 3.355e-03
-0.09700 0.67335 3.355e-03
-0.09650 0.66806 3.355e-03
-0.09600 0.67222 3.355e-03
-0.09550 0.66554 3.355e-03
-0.09500 0.67064 3.355e-03
-0.09450 0.67462 3.355e-03
-0.09400 0.67097 3.355e-03
-0.09350 0.67138 3.355e-03
-0.09300 0.66796 3.355e-03
-0.09250 0.67401 3.355e-03
-0.09200 0.66118 3.355e-03
-0.09150 0.67568 3.355e-03
-0.09100 0.67177 3.355e-03
-0.09050 0.67131 3.355e-03
-0.09000 0.66910 3.355e-03
-0.08950 0.67251 3.355e-03
-0.08900 0.66625 3.355e-03
-0.08850 0.67187 3.355e-03
-0.08800 0.67055 3.355e-03
-0.08750 0.67113 3.355e-03
-0.08700 0.67117 3.355e-03
-0.08650 0.67592 3.355e-03
-0.08600 0.66895 3.355e-03
-0.08550 0.67156 3.355e-03
-0.08500 0.67172 3.355e-03
-0.08450 0.66825 3.355e-03
-0.08400 0.66586 3.355e-03
-0.08350 0.66442 3.355e-03
-0.08300 0.67315 3.355e-03
-0.08250 0.67141 3.355e-03
-0.08200 0.67565 3.355e-03
-0.08150 0.66966 3.355e-03
-0.08100 0.66916 3.355e-03
-0.08050 0.66774 3.355e-03
-0.08000 0.67484 3.355e-03
-0.07950 0.67015 3.355e-03
-0.07900 0.67698 3.355e-03
-0.07850 0.66703 3.355e-03
-0.07800 0.67381 3.355e-03
-0.07750 0.67270 3.355e-03
-0.07700 0.67085 3.355e-03
-0.07650 0.66740 3.355e-03
-0.07600 0.67075 3.355e-03
-0.07550 0.66878 3.355e-03
-0.07500 0.66793 3.355e-03
-0.07450 0.66724 3.355e-03
-0.07400 0.67027 3.355e-03
-0.07350 0.67751 3.355e-03
-0.07300 0.66629 3.355e-03
-0.07250 0.67708 3.355e-03
-0.07200 0.67215 3.355e-03
-0.07150 0.67137 3.355e-03
-0.07100 0.66753 3.355e-03
-0.07050 0.67364 3.355e-03
-0.07000 0.67454 3.355e-03
-0.06950 0.66498 3.355e-03
-0.06900 0.66718 3.355e-03
-0.06850 0.67487 3.355e-03
-0.06800 0.67804 3.355e-03
-0.06750 0.67249 3.355e-03
-0.06700 0.66656 3.355e-03
-0.06650 0.67115 3.355e-03
-0.06600 0.66984 3.355e-03
-0.06550 0.66765 3.355e-03
-0.06500 0.67036 3.355e-03
-0.06450 0.66750 3.355e-03
-0.06400 0.67004 3.355e-03
-0.06350 0.67214 3.355e-03
-0.06300 0.67386 3.355e-03
-0.06250 0.66939 3.355e-03
-0.06200 0.67097 3.355e-03
-0.06150 0.66943 3.355e-03
-0.06100 0.66813 3.355e-03
-0.06050 0.66907 3.355e-03
-0.06000 0.66874 3.355e-03
-0.05950 0.67775 3.355e-03
-0.05900 0.67372 3.355e-03
-0.05850 0.66942 3.355e-03
-0.05800 0.67084 3.355e-03
-0.05750 0.66970 3.355e-03
-0.05700 0.67564 3.355e-03
-0.05650 0.66878 3.355e-03
-0.05600 0.66599 3.355e-03
-0.05550 0.67051 3.355e-03
-0.05500 0.66915 3.355e-03
-0.05450 0.66867 3.355e-03
-0.05400 0.67025 3.355e-03
-0.05350 0.66956 3.355e-03
-0.05300 0.67604 3.355e-03
-0.05250 0.66604 3.355e-03
-0.05200 0.67531 3.355e-03
-0.05150 0.66779 3.355e-03
-0.05100 0.66901 3.355e-03
-0.05050 0.66968 3.355e-03
-0.05000 0.66933 3.355e-03
-0.04950 0.66582 3.355e-03
-0.04900 0.66893 3.355e-03
-0.04850 0.67042 3.355e-03
-0.04800 0.66289 3.355e-03
-0.04750 0.66016 3.355e-03
-0.04700 0.66279 3.355e-03
-0.04650 0.65617 3.355e-03
-0.04600 0.64641 3.355e-03
-0.04550 0.65304 3.355e-03
-0.04500 0.64818 3.355e-03
-0.04450 0.64573 3.355e-03
-0.04400 0.64685 3.355e-03
-0.04350 0.64311 3.355e-03
-0.04300 0.63505 3.355e-03
-0.04250 0.64106 3.355e-03
-0.04200 0.64384 3.355e-03
-0.04150 0.63531 3.355e-03
-0.04100 0.63708 3.355e-03
-0.04050 0.63316 3.355e-03
-0.04000 0.63334 3.355e-03
-0.03950 0.63097 3.355e-03
-0.03900 0.62839 3.355e-03
-0.03850 0.62956 3.355e-03
-0.03800 0.62998 3.355e-03
-0.03750 0.61980 3.355e-03
-0.03700 0.62200 3.355e-03
-0.03650 0.61638 3.355e-03
-0.03600 0.61457 3.355e-03
-0.03550 0.62173 3.355e-03
-0.03500 0.61501 3.355e-03
-0.03450 0.61236 3.355e-03
-0.03400 0.60996 3.355e-03
-0.03350 0.61353 3.355e-03
-0.03300 0.60997 3.355e-03
-0.03250 0.60684 3.355e-03
-0.03200 0.60861 3.355e-03
-0.03150 0.60210 3.355e-03
-0.03100 0.60366 3.355e-03
-0.03050 0.60029 3.355e-03
-0.03000 0.60332 3.355e-03
-0.02950 0.59647 3.355e-03
-0.02900 0.60180 3.355e-03
-0.02850 0.59553 3.355e-03
-0.02800 0.59636 3.355e-03
-0.02750 0.59658 3.355e-03
-0.02700 0.60144 3.355e-03
-0.02650 0.59772 3.355e-03
-0.02600 0.59678 3.355e-03
-0.02550 0.60245 3.355e-03
-0.02500 0.60474 3.355e-03
-0.02450 0.60051 3.355e-03
-0.02400 0.59760 3.355e-03
-0.02350 0.59611 3.355e-03
-0.02300 0.60182 3.355e-03
-0.02250 0.60765 3.355e-03
-0.02200 0.60228 3.355e-03
-0.02150 0.59585 3.355e-03
-0.02100 0.59812 3.355e-03
-0.02050 0.59522 3.355e-03
-0.02000 0.59584 3.355e-03
-0.01950 0.59675 3.355e-03
-0.01900 0.60165 3.355e-03
-0.01850 0.60515 3.355e-03
-0.01800 0.59620 3.355e-03
-0.01750 0.60145 3.355e-03
-0.01700 0.60083 3.355e-03
-0.01650 0.59652 3.355e-03
-0.01600 0.60189 3.355e-03
-0.01550 0.59920 3.355e-03
-0.01500 0.60103 3.355e-03
-0.01450 0.59696 3.355e-03
-0.01400 0.60199 3.355e-03
-0.01350 0.59115 3.355e-03
-0.01300 0.59803 3.355e-03
-0.01250 0.59925 3.355e-03
-0.01200 0.59749 3.355e-03
-0.01150 0.59805 3.355e-03
-0.01100 0.60154 3.355e-03
-0.01050 0.59913 3.355e-03
-0.01000 0.60124 3.355e-03
-0.00950 0.60048 3.355e-03
-0.00900 0.59955 3.355e-03
-0.00850 0.60306 3.355e-03
-0.00800 0.60058 3.355e-03
-0.00750 0.59417 3.355e-03
-0.00700 0.59605 3.355e-03
-0.00650 0.59992 3.355e-03
-0.00600 0.60012 3.355e-03
-0.00550 0.59922 3.355e-03
-0.00500 0.59560 3.355e-03
-0.00450 0.59659 3.355e-03
-0.00400 0.59442 3.355e-03
-0.00350 0.59717 3.355e-03
-0.00300 0.60050 3.355e-03
-0.00250 0.59739 3.355e-03
-0.00200 0.60165 3.355e-03
-0.00150 0.59577 3.355e-03
-0.00100 0.60528 3.355e-03
-0.00050 0.59491 3.355e-03
0.00000 0.59694 3.355e-03
0.00050 0.59990 3.355e-03
0.00100 0.60414 3.355e-03
0.00150 0.59945 3.355e-03
0.00200 0.60014 3.355e-03
0.00250 0.59546 3.355e-03
0.00300 0.60344 3.355e-03
0.00350 0.60099 3.355e-03
0.00400 0.60319 3.355e-03
0.00450 0.59512 3.355e-03
0.00500 0.59707 3.355e-03
0.00550 0.59647 3.355e-03
0.00600 0.59384 3.355e-03
0.00650 0.59380 3.355e-03
0.00700 0.59500 3.355e-03
0.00750 0.59081 3.355e-03
0.00800 0.59953 3.355e-03
0.00850 0.59768 3.355e-03
0.00900 0.59167 3.355e-03
0.00950 0.60122 3.355e-03
0.01000 0.59761 3.355e-03
0.01050 0.60326 3.355e-03
0.01100 0.60455 3.355e-03
0.01150 0.60239 3.355e-03
0.01200 0.59873 3.355e-03
0.01250 0.59839 3.355e-03
0.01300 0.60125 3.355e-03
0.01350 0.59523 3.355e-03
0.01400 0.59695 3.355e-03
0.01450 0.60028 3.355e-03
0.01500 0.59589 3.355e-03
0.01550 0.60057 3.355e-03
0.01600 0.59762 3.355e-03
0.01650 0.59826 3.355e-03
0.01700 0.59208 3.355e-03
0.01750 0.59712 3.355e-03
0.01800 0.60295 3.355e-03
0.01850 0.59555 3.355e-03
0.01900 0.59711 3.355e-03
0.01950 0.60414 3.355e-03
0.02000 0.59613 3.355e-03
0.02050 0.59470 3.355e-03
0.02100 0.60036 3.355e-03
0.02150 0.60218 3.355e-03
0.02200 0.59747 3.355e-03
0.02250 0.59150 3.355e-03
0.02300 0.60150 3.355e-03
0.02350 0.60386 3.355e-03
0.02400 0.60374 3.355e-03
0.02450 0.59940 3.355e-03
0.02500 0.59641 3.355e-03
0.02550 0.59751 3.355e-03
0.02600 0.59741 3.355e-03
0.02650 0.59745 3.355e-03
0.02700 0.59766 3.355e-03
0.02750 0.59503 3.355e-03
0.02800 0.59560 3.355e-03
0.02850 0.59932 3.355e-03
0.02900 0.59841 3.355e-03
0.02950 0.60134 3.355e-03
0.03000 0.59533 3.355e-03
0.03050 0.59885 3.355e-03
0.03100 0.60768 3.355e-03
0.03150 0.60833 3.355e-03
0.03200 0.59704 3.355e-03
0.03250 0.60124 3.355e-03
0.03300 0.60479 3.355e-03
0.03350 0.60613 3.355e-03
0.03400 0.60891 3.355e-03
0.03450 0.60608 3.355e-03
0.03500 0.61231 3.355e-03
0.03550 0.61150 3.355e-03
0.03600 0.61648 3.355e-03
0.03650 0.61942 3.355e-03
0.03700 0.61776 3.355e-03
0.03750 0.62562 3.355e-03
0.03800 0.62870 3.355e-03
0.03850 0.62698 3.355e-03
0.03900 0.62759 3.355e-03
0.03950 0.62898 3.355e-03
0.04000 0.63656 3.355e-03
0.04050 0.63710 3.355e-03
0.04100 0.63273 3.355e-03
0.04150 0.63499 3.355e-03
0.04200 0.63709 3.355e-03
0.04250 0.64001 3.355e-03
0.04300 0.63504 3.355e-03
0.04350 0.64150 3.355e-03
0.04400 0.64741 3.355e-03
0.04450 0.65048 3.355e-03
0.04500 0.65192 3.355e-03
0.04550 0.65626 3.355e-03
0.04600 0.65600 3.355e-03
0.04650 0.65879 3.355e-03
0.04700 0.65560 3.355e-03
0.04750 0.65720 3.355e-03
0.04800 0.66180 3.355e-03
0.04850 0.65524 3.355e-03
0.04900 0.65870 3.355e-03
0.04950 0.65310 3.355e-03
0.05000 0.66763 3.355e-03
0.05050 0.66403 3.355e-03
0.05100 0.67127 3.355e-03
0.05150 0.67374 3.355e-03
0.05200 0.66628 3.355e-03
0.05250 0.66798 3.355e-03
0.05300 0.66577 3.355e-03
0.05350 0.67797 3.355e-03
0.05400 0.67705 3.355e-03
0.05450 0.67138 3.355e-03
0.05500 0.67028 3.355e-03
0.05550 0.67394 3.355e-03
0.05600 0.67026 3.355e-03
0.05650 0.66889 3.355e-03
0.05700 0.66940 3.355e-03
0.05750 0.66975 3.355e-03
0.05800 0.67453 3.355e-03
0.05850 0.67283 3.355e-03
0.05900 0.66494 3.355e-03
0.05950 0.66232 3.355e-03
0.06000 0.67318 3.355e-03
0.06050 0.67414 3.355e-03
0.06100 0.67704 3.355e-03
0.06150 0.67803 3.355e-03
0.06200 0.66739 3.355e-03
0.06250 0.66924 3.355e-03
0.06300 0.67121 3.355e-03
0.06350 0.67406 3.355e-03
0.06400 0.67239 3.355e-03
0.06450 0.67427 3.355e-03
0.06500 0.66816 3.355e-03
0.06550 0.66790 3.355e-03
0.06600 0.66988 3.355e-03
0.06650 0.67792 3.355e-03
0.06700 0.67371 3.355e-03
0.06750 0.67164 3.355e-03
0.06800 0.67083 3.355e-03
0.06850 0.67259 3.355e-03
0.06900 0.67958 3.355e-03
0.06950 0.67234 3.355e-03
0.07000 0.66446 3.355e-03
0.07050 0.66763 3.355e-03
0.07100 0.67095 3.355e-03
0.07150 0.66947 3.355e-03
0.07200 0.66839 3.355e-03
0.07250 0.67218 3.355e-03
0.07300 0.66781 3.355e-03
0.07350 0.67206 3.355e-03
0.07400 0.67239 3.355e-03
0.07450 0.67087 3.355e-03
0.07500 0.67092 3.355e-03
0.07550 0.67620 3.355e-03
0.07600 0.67264 3.355e-03
0.07650 0.66855 3.355e-03
0.07700 0.67228 3.355e-03
0.07750 0.67289 3.355e-03
0.07800 0.66596 3.355e-03
0.07850 0.67268 3.355e-03
0.07900 0.66796 3.355e-03
0.07950 0.67212 3.355e-03
0.08000 0.67159 3.355e-03
0.08050 0.66379 3.355e-03
0.08100 0.66765 3.355e-03
0.08150 0.66896 3.355e-03
0.08200 0.67526 3.355e-03
0.08250 0.67104 3.355e-03
0.08300 0.67393 3.355e-03
0.08350 0.67823 3.355e-03
0.08400 0.66756 3.355e-03
0.08450 0.66718 3.355e-03
0.08500 0.66680 3.355e-03
0.08550 0.67036 3.355e-03
0.08600 0.67890 3.355e-03
0.08650 0.66853 3.355e-03
0.08700 0.66863 3.355e-03
0.08750 0.67040 3.355e-03
0.08800 0.67173 3.355e-03
0.08850 0.67065 3.355e-03
0.08900 0.67237 3.355e-03
0.08950 0.67447 3.355e-03
0.09000 0.66775 3.355e-03
0.09050 0.66686 3.355e-03
0.09100 0.67171 3.355e-03
0.09150 0.66712 3.355e-03
0.09200 0.67122 3.355e-03
0.09250 0.67093 3.355e-03
0.09300 0.66975 3.355e-03
0.09350 0.67152 3.355e-03
0.09400 0.67593 3.355e-03
0.09450 0.67080 3.355e-03
0.09500 0.66910 3.355e-03
0.09550 0.67465 3.355e-03
0.09600 0.67639 3.355e-03
0.09650 0.67661 3.355e-03
0.09700 0.67144 3.355e-03
0.09750 0.67197 3.355e-03
0.09800 0.67357 3.355e-03
0.09850 0.67366 3.355e-03
0.09900 0.66935 3.355e-03
0.09950 0.67727 3.355e-03
0.10000 0.67773 3.355e-03
0.10050 0.66795 3.355e-03
0.10100 0.67252 3.355e-03
0.10150 0.67219 3.355e-03
0.10200 0.67130 3.355e-03
0.10250 0.66866 3.355e-03
0.10300 0.67290 3.355e-03
0.10350 0.67716 3.355e-03
0.10400 0.67488 3.355e-03
0.10450 0.67647 3.355e-03
0.10500 0.66924 3.355e-03
0.10550 0.67346 3.355e-03
0.10600 0.67721 3.355e-03
0.10650 0.67522 3.355e-03
0.10700 0.67418 3.355e-03
0.10750 0.67143 3.355e-03
0.10800 0.67328 3.355e-03
0.10850 0.67294 3.355e-03
0.10900 0.67533 3.355e-03
0.10950 0.66333 3.355e-03
0.11000 0.67186 3.355e-03
0.11050 0.67845 3.355e-03
0.11100 0.66820 3.355e-03
0.11150 0.66612 3.355e-03
0.11200 0.67311 3.355e-03
0.11250 0.67683 3.355e-03
0.11300 0.67038 3.355e-03
0.11350 0.67123 3.355e-03
0.11400 0.66672 3.355e-03
0.11450 0.66923 3.355e-03
0.11500 0.66778 3.355e-03
0.11550 0.67516 3.355e-03
0.11600 0.67067 3.355e-03
0.11650 0.66902 3.355e-03
0.11700 0.67225 3.355e-03
0.11750 0.67527 3.355e-03
0.11800 0.67310 3.355e-03
0.11850 0.66443 3.355e-03
0.11900 0.67293 3.355e-03
0.11950 0.67655 3.355e-03
0.12000 0.66696 3.355e-03
0.12050 0.67271 3.355e-03
0.12100 0.67449 3.355e-03
0.12150 0.66166 3.355e-03
0.12200 0.67632 3.355e-03
0.12250 0.66710 3.355e-03
0.12300 0.66918 3.355e-03
0.12350 0.66891 3.355e-03
0.12400 0.67655 3.355e-03
0.12450 0.67050 3.355e-03
0.12500 0.67230 3.355e-03
0.12550 0.66817 3.355e-03
0.12600 0.67057 3.355e-03
0.12650 0.67412 3.355e-03
0.12700 0.67245 3.355e-03
0.12750 0.67091 3.355e-03
0.12800 0.67283 3.355e-03
0.12850 0.67545 3.355e-03
0.12900 0.67269 3.355e-03
0.12950 0.67109 3.355e-03
0.13000 0.66891 3.355e-03
0.13050 0.66706 3.355e-03
0.13100 0.67631 3.355e-03
0.13150 0.67230 3.355e-03
0.13200 0.66715 3.355e-03
0.13250 0.66883 3.355e-03
0.13300 0.66931 3.355e-03
0.13350 0.66797 3.355e-03
0.13400 0.66813 3.355e-03
0.13450 0.67761 3.355e-03
0.13500 0.67117 3.355e-03
0.13550 0.67494 3.355e-03
0.13600 0.66875 3.355e-03
0.13650 0.67524 3.355e-03
0.13700 0.67486 3.355e-03
0.13750 0.67524 3.355e-03
0.13800 0.66815 3.355e-03
0.13850 0.67142 3.355e-03
0.13900 0.67279 3.355e-03
0.13950 0.67456 3.355e-03
0.14000 0.66833 3.355e-03
0.14050 0.67124 3.355e-03
0.14100 0.67581 3.355e-03
0.14150 0.66623 3.355e-03
0.14200 0.67498 3.355e-03
0.14250 0.67643 3.355e-03
0.14300 0.67051 3.355e-03
0.14350 0.67269 3.355e-03
0.14400 0.66404 3.355e-03
0.14450 0.67399 3.355e-03
0.14500 0.67061 3.355e-03
0.14550 0.67552 3.355e-03
0.14600 0.67280 3.355e-03
0.14650 0.66789 3.355e-03
0.14700 0.67428 3.355e-03
0.14750 0.66992 3.355e-03
0.14800 0.66963 3.355e-03
0.14850 0.66726 3.355e-03
0.14900 0.66939 3.355e-03
0.14950 0.67336 3.355e-03
0.15000 0.67111 3.355e-03
0.15050 0.67677 3.355e-03
0.15100 0.66807 3.355e-03
0.15150 0.66408 3.355e-03
0.15200 0.66646 3.355e-03
0.15250 0.66927 3.355e-03
0.15300 0.67082 3.355e-03
0.15350 0.67225 3.355e-03
0.15400 0.66964 3.355e-03
0.15450 0.66915 3.355e-03
0.15500 0.67123 3.355e-03
0.15550 0.66622 3.355e-03
0.15600 0.67401 3.355e-03
0.15650 0.67517 3.355e-03
0.15700 0.66970 3.355e-03
0.15750 0.66489 3.355e-03
0.15800 0.66863 3.355e-03
0.15850 0.67022 3.355e-03
0.15900 0.67362 3.355e-03
0.15950 0.66809 3.355e-03
0.16000 0.66950 3.355e-03
0.16050 0.67758 3.355e-03
0.16100 0.66935 3.355e-03
0.16150 0.67692 3.355e-03
0.16200 0.66791 3.355e-03
0.16250 0.67016 3.355e-03
0.16300 0.67226 3.355e-03
0.16350 0.66443 3.355e-03
0.16400 0.67592 3.355e-03
0.16450 0.66903 3.355e-03
0.16500 0.67123 3.355e-03
0.16550 0.67097 3.355e-03
0.16600 0.67248 3.355e-03
0.16650 0.67438 3.355e-03
0.16700 0.66891 3.355e-03
0.16750 0.67080 3.355e-03
0.16800 0.67179 3.355e-03
0.16850 0.66703 3.355e-03
0.16900 0.67431 3.355e-03
0.16950 0.67438 3.355e-03
0.17000 0.66310 3.355e-03
0.17050 0.67695 3.355e-03
0.17100 0.66755 3.355e-03
0.17150 0.67433 3.355e-03
0.17200 0.66876 3.355e-03
0.17250 0.66560 3.355e-03
0.17300 0.66755 3.355e-03
0.17350 0.67172 3.355e-03
0.17400 0.66934 3.355e-03
0.17450 0.67595 3.355e-03
0.17500 0.67325 3.355e-03
0.17550 0.66675 3.355e-03
0.17600 0.66960 3.355e-03
0.17650 0.67039 3.355e-03
0.17700 0.66940 3.355e-03
0.17750 0.67275 3.355e-03
0.17800 0.67090 3.355e-03
0.17850 0.67076 3.355e-03
0.17900 0.67291 3.355e-03
0.17950 0.66453 3.355e-03
0.18000 0.66899 3.355e-03
0.18050 0.67006 3.355e-03
0.18100 0.67258 3.355e-03
0.18150 0.66578 3.355e-03
0.18200 0.66625 3.355e-03
0.18250 0.67583 3.355e-03
0.18300 0.67526 3.355e-03
0.18350 0.67006 3.355e-03
0.18400 0.67276 3.355e-03
0.18450 0.66965 3.355e-03
0.18500 0.67264 3.355e-03
0.18550 0.67383 3.355e-03
0.18600 0.66580 3.355e-03
0.18650 0.67033 3.355e-03
0.18700 0.67250 3.355e-03
0.18750 0.67140 3.355e-03
0.18800 0.67324 3.355e-03
0.18850 0.67166 3.355e-03
0.18900 0.67655 3.355e-03
0.18950 0.67546 3.355e-03
0.19000 0.66629 3.355e-03
0.19050 0.66785 3.355e-03
0.19100 0.67738 3.355e-03
0.19150 0.66646 3.355e-03
0.19200 0.67158 3.355e-03
0.19250 0.67256 3.355e-03
0.19300 0.67139 3.355e-03
0.19350 0.66825 3.355e-03
0.19400 0.67139 3.355e-03
0.19450 0.67014 3.355e-03
0.19500 0.67119 3.355e-03
0.19550 0.67569 3.355e-03
0.19600 0.67406 3.355e-03
0.19650 0.66496 3.355e-03
0.19700 0.67232 3.355e-03
0.19750 0.67892 3.355e-03
0.19800 0.66991 3.355e-03
0.19850 0.66554 3.355e-03
0.19900 0.67619 3.355e-03
0.19950 0.67333 3.355e-03
0.20000 0.66888 3.355e-03
0.20050 0.67465 3.355e-03
0.20100 0.66966 3.355e-03
0.20150 0.67302 3.355e-03
0.20200 0.66677 3.355e-03
0.20250 0.67019 3.355e-03
0.20300 0.66870 3.355e-03
0.20350 0.67637 3.355e-03
0.20400 0.67304 3.355e-03
0.20450 0.66806 3.355e-03
0.20500 0.66878 3.355e-03
0.20550 0.67042 3.355e-03
0.20600 0.67126 3.355e-03
0.20650 0.67543 3.355e-03
0.20700 0.66906 3.355e-03
0.20750 0.67348 3.355e-03
0.20800 0.67626 3.355e-03
0.20850 0.67297 3.355e-03
0.20900 0.67271 3.355e-03
0.20950 0.67010 3.355e-03
0.21000 0.67091 3.355e-03
0.21050 0.66565 3.355e-03
0.21100 0.67287 3.355e-03
0.21150 0.67734 3.355e-03
0.21200 0.67006 3.355e-03
0.21250 0.67250 3.355e-03
0.21300 0.67255 3.355e-03
0.21350 0.67368 3.355e-03
0.21400 0.67665 3.355e-03
0.21450 0.67297 3.355e-03
0.21500 0.67238 3.355e-03
0.21550 0.66761 3.355e-03
0.21600 0.66983 3.355e-03
0.21650 0.67159 3.355e-03
0.21700 0.67725 3.355e-03
0.21750 0.67091 3.355e-03
0.21800 0.67206 3.355e-03
0.21850 0.66806 3.355e-03
0.21900 0.66986 3.355e-03
0.21950 0.67248 3.355e-03
0.22000 0.66437 3.355e-03
0.22050 0.67391 3.355e-03
0.22100 0.67094 3.355e-03
0.22150 0.67187 3.355e-03
0.22200 0.67029 3.355e-03
0.22250 0.67302 3.355e-03
0.22300 0.67464 3.355e-03
0.22350 0.67001 3.355e-03
0.22400 0.67528 3.355e-03
0.22450 0.67621 3.355e-03
0.22500 0.67499 3.355e-03
0.22550 0.66844 3.355e-03
0.22600 0.67133 3.355e-03
0.22650 0.66685 3.355e-03
0.22700 0.66900 3.355e-03
0.22750 0.67434 3.355e-03
0.22800 0.67806 3.355e-03
0.22850 0.67080 3.355e-03
0.22900 0.67263 3.355e-03
0.22950 0.67016 3.355e-03
0.23000 0.66850 3.355e-03
0.23050 0.67068 3.355e-03
0.23100 0.67599 3.355e-03
0.23150 0.67270 3.355e-03
0.23200 0.66966 3.355e-03
0.23250 0.66902 3.355e-03
0.23300 0.67150 3.355e-03
0.23350 0.66810 3.355e-03
0.23400 0.66834 3.355e-03
0.23450 0.67650 3.355e-03
0.23500 0.67292 3.355e-03
0.23550 0.67306 3.355e-03
0.23600 0.66587 3.355e-03
0.23650 0.67032 3.355e-03
0.23700 0.67651 3.355e-03
0.23750 0.67076 3.355e-03
0.23800 0.66625 3.355e-03
0.23850 0.67316 3.355e-03
0.23900 0.67842 3.355e-03
0.23950 0.66919 3.355e-03
0.24000 0.67053 3.355e-03
0.24050 0.66711 3.355e-03
0.24100 0.66542 3.355e-03
0.24150 0.67300 3.355e-03
0.24200 0.67221 3.355e-03
0.24250 0.67130 3.355e-03
0.24300 0.67223 3.355e-03
0.24350 0.66924 3.355e-03
0.24400 0.67470 3.355e-03
0.24450 0.66376 3.355e-03
0.24500 0.66426 3.355e-03
0.24550 0.67276 3.355e-03
0.24600 0.66953 3.355e-03
0.24650 0.67323 3.355e-03
0.24700 0.67013 3.355e-03
0.24750 0.67059 3.355e-03
0.24800 0.66946 3.355e-03
0.24850 0.67431 3.355e-03
0.24900 0.67044 3.355e-03
0.24950 0.67269 3.355e-03
0.25000 0.66898 3.355e-03
0.25050 0.67287 3.355e-03
0.25100 0.67218 3.355e-03
0.25150 0.67485 3.355e-03
0.25200 0.67556 3.355e-03
0.25250 0.67026 3.355e-03
0.25300 0.67113 3.355e-03
0.25350 0.66565 3.355e-03
0.25400 0.66851 3.355e-03
0.25450 0.67950 3.355e-03
0.25500 0.66547 3.355e-03
0.25550 0.67533 3.355e-03
0.25600 0.67273 3.355e-03
0.25650 0.66954 3.355e-03
0.25700 0.67182 3.355e-03
0.25750 0.67626 3.355e-03
0.25800 0.66802 3.355e-03
0.25850 0.66728 3.355e-03
0.25900 0.67139 3.355e-03
0.25950 0.66891 3.355e-03
0.26000 0.66785 3.355e-03
0.26050 0.66738 3.355e-03
0.26100 0.67732 3.355e-03
0.26150 0.67894 3.355e-03
0.26200 0.67095 3.355e-03
0.26250 0.66864 3.355e-03
0.26300 0.67368 3.355e-03
0.26350 0.66881 3.355e-03
0.26400 0.66504 3.355e-03
0.26450 0.67264 3.355e-03
0.26500 0.67372 3.355e-03
0.26550 0.66923 3.355e-03
0.26600 0.67122 3.355e-03
0.26650 0.67097 3.355e-03
0.26700 0.66733 3.355e-03
0.26750 0.67340 3.355e-03
0.26800 0.66964 3.355e-03
0.26850 0.66997 3.355e-03
0.26900 0.67049 3.355e-03
0.26950 0.67486 3.355e-03
0.27000 0.67371 3.355e-03
0.27050 0.67358 3.355e-03
0.27100 0.67314 3.355e-03
0.27150 0.66515 3.355e-03
0.27200 0.67237 3.355e-03
0.27250 0.67462 3.355e-03
0.27300 0.67042 3.355e-03
0.27350 0.67162 3.355e-03
0.27400 0.67001 3.355e-03
0.27450 0.66938 3.355e-03
0.27500 0.67061 3.355e-03
0.27550 0.67203 3.355e-03
0.27600 0.67188 3.355e-03
0.27650 0.67712 3.355e-03
0.27700 0.67206 3.355e-03
0.27750 0.67237 3.355e-03
0.27800 0.67681 3.355e-03
0.27850 0.67585 3.355e-03
0.27900 0.67632 3.355e-03
0.27950 0.67365 3.355e-03
0.28000 0.66917 3.355e-03
0.28050 0.66674 3.355e-03
0.28100 0.66735 3.355e-03
0.28150 0.67256 3.355e-03
0.28200 0.67297 3.355e-03
0.28250 0.67605 3.355e-03
0.28300 0.67598 3.355e-03
0.28350 0.67442 3.355e-03
0.28400 0.67240 3.355e-03
0.28450 0.67600 3.355e-03
0.28500 0.66952 3.355e-03
0.28550 0.67012 3.355e-03
0.28600 0.67337 3.355e-03
0.28650 0.67041 3.355e-03
0.28700 0.67666 3.355e-03
0.28750 0.66945 3.355e-03
0.28800 0.67178 3.355e-03
0.28850 0.67290 3.355e-03
0.28900 0.66580 3.355e-03
0.28950 0.66531 3.355e-03
0.29000 0.66975 3.355e-03
0.29050 0.66614 3.355e-03
0.29100 0.67866 3.355e-03
0.29150 0.67457 3.355e-03
0.29200 0.67238 3.355e-03
0.29250 0.67169 3.355e-03
0.29300 0.67090 3.355e-03
0.29350 0.67197 3.355e-03
0.29400 0.66970 3.355e-03
0.29450 0.67248 3.355e-03
0.29500 0.67217 3.355e-03
0.29550 0.66524 3.355e-03
0.29600 0.67160 3.355e-03
0.29650 0.67418 3.355e-03
0.29700 0.66699 3.355e-03
0.29750 0.66339 3.355e-03
0.29800 0.66941 3.355e-03
0.29850 0.66826 3.355e-03
0.29900 0.66987 3.355e-03
0.29950 0.66278 3.355e-03
0.30000 0.66908 3.355e-03
0.30050 0.67140 3.355e-03
0.30100 0.67645 3.355e-03
0.30150 0.67475 3.355e-03
0.30200 0.67057 3.355e-03
0.30250 0.66936 3.355e-03
0.30300 0.67812 3.355e-03
0.30350 0.67076 3.355e-03
0.30400 0.67108 3.355e-03
0.30450 0.67276 3.355e-03
0.30500 0.67565 3.355e-03
0.30550 0.67762 3.355e-03
0.30600 0.66575 3.355e-03
0.30650 0.66816 3.355e-03
0.30700 0.66836 3.355e-03
0.30750 0.67463 3.355e-03
0.30800 0.67025 3.355e-03
0.30850 0.66799 3.355e-03
0.30900 0.67525 3.355e-03
0.30950 0.66452 3.355e-03
0.31000 0.67300 3.355e-03
0.31050 0.67465 3.355e-03
0.31100 0.66975 3.355e-03
0.31150 0.67316 3.355e-03
0.31200 0.66906 3.355e-03
0.31250 0.67498 3.355e-03
0.31300 0.67557 3.355e-03
0.31350 0.66842 3.355e-03
0.31400 0.67279 3.355e-03
0.31450 0.67410 3.355e-03
0.31500 0.67260 3.355e-03
0.31550 0.67425 3.355e-03
0.31600 0.67040 3.355e-03
0.31650 0.66748 3.355e-03
0.31700 0.67051 3.355e-03
0.31750 0.66602 3.355e-03
0.31800 0.67029 3.355e-03
0.31850 0.66593 3.355e-03
0.31900 0.66887 3.355e-03
0.31950 0.66750 3.355e-03
0.32000 0.67341 3.355e-03
0.32050 0.66863 3.355e-03
0.32100 0.67501 3.355e-03
0.32150 0.66756 3.355e-03
0.32200 0.67242 3.355e-03
0.32250 0.67193 3.355e-03
0.32300 0.66637 3.355e-03
0.32350 0.67425 3.355e-03
0.32400 0.66971 3.355e-03
0.32450 0.66373 3.355e-03
0.32500 0.67262 3.355e-03
0.32550 0.66922 3.355e-03
0.32600 0.66578 3.355e-03
0.32650 0.66624 3.355e-03
0.32700 0.67579 3.355e-03
0.32750 0.67082 3.355e-03
0.32800 0.66855 3.355e-03
0.32850 0.67118 3.355e-03
0.32900 0.67170 3.355e-03
0.32950 0.66944 3.355e-03
0.33000 0.66820 3.355e-03
0.33050 0.66929 3.355e-03
0.33100 0.67293 3.355e-03
0.33150 0.66946 3.355e-03
0.33200 0.67756 3.355e-03
0.33250 0.67079 3.355e-03
0.33300 0.67469 3.355e-03
0.33350 0.67015 3.355e-03
0.33400 0.66681 3.355e-03
0.33450 0.67232 3.355e-03
0.33500 0.66941 3.355e-03
0.33550 0.67594 3.355e-03
0.33600 0.65991 3.355e-03
0.33650 0.67101 3.355e-03
0.33700 0.66969 3.355e-03
0.33750 0.66992 3.355e-03
0.33800 0.66941 3.355e-03
0.33850 0.67536 3.355e-03
0.33900 0.67067 3.355e-03
0.33950 0.66760 3.355e-03
0.34000 0.67512 3.355e-03
0.34050 0.67433 3.355e-03
0.34100 0.66999 3.355e-03
0.34150 0.67427 3.355e-03
0.34200 0.67420 3.355e-03
0.34250 0.67122 3.355e-03
0.34300 0.67632 3.355e-03
0.34350 0.66695 3.355e-03
0.34400 0.67240 3.355e-03
0.34450 0.66919 3.355e-03
0.34500 0.67225 3.355e-03
0.34550 0.67478 3.355e-03
0.34600 0.67532 3.355e-03
0.34650 0.66365 3.355e-03
0.34700 0.66850 3.355e-03
0.34750 0.67389 3.355e-03
0.34800 0.66502 3.355e-03
0.34850 0.66900 3.355e-03
0.34900 0.67371 3.355e-03
0.34950 0.67204 3.355e-03
0.35000 0.67308 3.355e-03
0.35050 0.66823 3.355e-03
0.35100 0.66864 3.355e-03
0.35150 0.66896 3.355e-03
0.35200 0.67055 3.355e-03
0.35250 0.66930 3.355e-03
0.35300 0.67130 3.355e-03
0.35350 0.67388 3.355e-03
0.35400 0.66961 3.355e-03
0.35450 0.67142 3.355e-03
0.35500 0.67182 3.355e-03
0.35550 0.66742 3.355e-03
0.35600 0.67018 3.355e-03
0.35650 0.67367 3.355e-03
0.35700 0.66484 3.355e-03
0.35750 0.67070 3.355e-03
0.35800 0.66961 3.355e-03
0.35850 0.67206 3.355e-03
0.35900 0.67127 3.355e-03
0.35950 0.67308 3.355e-03
0.36000 0.66621 3.355e-03
0.36050 0.67655 3.355e-03
0.36100 0.67111 3.355e-03
0.36150 0.66824 3.355e-03
0.36200 0.67564 3.355e-03
0.36250 0.66735 3.355e-03
0.36300 0.67095 3.355e-03
0.36350 0.67173 3.355e-03
0.36400 0.66920 3.355e-03
0.36450 0.66950 3.355e-03
0.36500 0.67182 3.355e-03
0.36550 0.66788 3.355e-03
0.36600 0.66872 3.355e-03
0.36650 0.67725 3.355e-03
0.36700 0.67093 3.355e-03
0.36750 0.66726 3.355e-03
0.36800 0.66723 3.355e-03
0.36850 0.67172 3.355e-03
0.36900 0.67455 3.355e-03
0.36950 0.67648 3.355e-03
0.37000 0.67125 3.355e-03
0.37050 0.67191 3.355e-03
0.37100 0.67493 3.355e-03
0.37150 0.67322 3.355e-03
0.37200 0.67231 3.355e-03
0.37250 0.67305 3.355e-03
0.37300 0.66926 3.355e-03
0.37350 0.67486 3.355e-03
0.37400 0.67172 3.355e-03
0.37450 0.66517 3.355e-03
0.37500 0.66339 3.355e-03
0.37550 0.66970 3.355e-03
0.37600 0.67241 3.355e-03
0.37650 0.67160 3.355e-03
0.37700 0.67067 3.355e-03
0.37750 0.67306 3.355e-03
0.37800 0.67323 3.355e-03
0.37850 0.66492 3.355e-03
0.37900 0.66855 3.355e-03
0.37950 0.67241 3.355e-03
0.38000 0.67695 3.355e-03
0.38050 0.66693 3.355e-03
0.38100 0.67351 3.355e-03
0.38150 0.66955 3.355e-03
0.38200 0.67024 3.355e-03
0.38250 0.67127 3.355e-03
0.38300 0.67322 3.355e-03
0.38350 0.67573 3.355e-03
0.38400 0.66918 3.355e-03
0.38450 0.67485 3.355e-03
0.38500 0.67495 3.355e-03
0.38550 0.66845 3.355e-03
0.38600 0.66766 3.355e-03
0.38650 0.67255 3.355e-03
0.38700 0.67098 3.355e-03
0.38750 0.66714 3.355e-03
0.38800 0.67437 3.355e-03
0.38850 0.67237 3.355e-03
0.38900 0.67824 3.355e-03
0.38950 0.67619 3.355e-03
0.39000 0.66517 3.355e-03
0.39050 0.67227 3.355e-03
0.39100 0.66720 3.355e-03
0.39150 0.66968 3.355e-03
0.39200 0.66794 3.355e-03
0.39250 0.67394 3.355e-03
0.39300 0.66590 3.355e-03
0.39350 0.67409 3.355e-03
0.39400 0.67678 3.355e-03
0.39450 0.67302 3.355e-03
0.39500 0.67295 3.355e-03
0.39550 0.66954 3.355e-03
0.39600 0.67135 3.355e-03
0.39650 0.67240 3.355e-03
0.39700 0.67155 3.355e-03
0.39750 0.66942 3.355e-03
0.39800 0.67480 3.355e-03
0.39850 0.67199 3.355e-03
0.39900 0.67334 3.355e-03
0.39950 0.67233 3.355e-03
0.40000 0.67129 3.355e-03
0.40050 0.67510 3.355e-03
0.40100 0.67382 3.355e-03
0.40150 0.67047 3.355e-03
0.40200 0.66962 3.355e-03
0.40250 0.66489 3.355e-03
0.40300 0.66675 3.355e-03
0.40350 0.67017 3.355e-03
0.40400 0.67050 3.355e-03
0.40450 0.67268 3.355e-03
0.40500 0.67119 3.355e-03
0.40550 0.67349 3.355e-03
0.40600 0.67178 3.355e-03
0.40650 0.67128 3.355e-03
0.40700 0.66797 3.355e-03
0.40750 0.67121 3.355e-03
0.40800 0.66924 3.355e-03
0.40850 0.66639 3.355e-03
0.40900 0.67316 3.355e-03
0.40950 0.67308 3.355e-03
0.41000 0.67218 3.355e-03
0.41050 0.66962 3.355e-03
0.41100 0.67031 3.355e-03
0.41150 0.67099 3.355e-03
0.41200 0.66638 3.355e-03
0.41250 0.67261 3.355e-03
0.41300 0.67693 3.355e-03
0.41350 0.67330 3.355e-03
0.41400 0.67183 3.355e-03
0.41450 0.67383 3.355e-03
0.41500 0.66980 3.355e-03
0.41550 0.67316 3.355e-03
0.41600 0.67184 3.355e-03
0.41650 0.67155 3.355e-03
0.41700 0.67347 3.355e-03
0.41750 0.67401 3.355e-03
0.41800 0.67394 3.355e-03
0.41850 0.66918 3.355e-03
0.41900 0.67003 3.355e-03
0.41950 0.67233 3.355e-03
0.42000 0.66909 3.355e-03
0.42050 0.66797 3.355e-03
0.42100 0.67202 3.355e-03
0.42150 0.67300 3.355e-03
0.42200 0.67460 3.355e-03
0.42250 0.66993 3.355e-03
0.42300 0.67366 3.355e-03
0.42350 0.66384 3.355e-03
0.42400 0.67072 3.355e-03
0.42450 0.67067 3.355e-03
0.42500 0.66847 3.355e-03
0.42550 0.67206 3.355e-03
0.42600 0.67587 3.355e-03
0.42650 0.66490 3.355e-03
0.42700 0.66533 3.355e-03
0.42750 0.66751 3.355e-03
0.42800 0.67596 3.355e-03
0.42850 0.67243 3.355e-03
0.42900 0.67122 3.355e-03
0.42950 0.66938 3.355e-03
0.43000 0.67293 3.355e-03
0.43050 0.66793 3.355e-03
0.43100 0.67747 3.355e-03
0.43150 0.67013 3.355e-03
0.43200 0.67589 3.355e-03
0.43250 0.67475 3.355e-03
0.43300 0.67322 3.355e-03
0.43350 0.66805 3.355e-03
0.43400 0.67193 3.355e-03
0.43450 0.67123 3.355e-03
0.43500 0.67347 3.355e-03
0.43550 0.66800 3.355e-03
0.43600 0.67097 3.355e-03
0.43650 0.67222 3.355e-03
0.43700 0.67176 3.355e-03
0.43750 0.67156 3.355e-03
0.43800 0.66986 3.355e-03
0.43850 0.67812 3.355e-03
0.43900 0.66662 3.355e-03
0.43950 0.66588 3.355e-03
0.44000 0.67545 3.355e-03
0.44050 0.66876 3.355e-03
0.44100 0.66989 3.355e-03
0.44150 0.67010 3.355e-03
0.44200 0.67126 3.355e-03
0.44250 0.67241 3.355e-03
0.44300 0.67084 3.355e-03
0.44350 0.67233 3.355e-03
0.44400 0.67450 3.355e-03
0.44450 0.66979 3.355e-03
0.44500 0.67329 3.355e-03
0.44550 0.67462 3.355e-03
0.44600 0.67127 3.355e-03
0.44650 0.66629 3.355e-03
0.44700 0.66934 3.355e-03
0.44750 0.67305 3.355e-03
0.44800 0.66953 3.355e-03
0.44850 0.66888 3.355e-03
0.44900 0.67101 3.355e-03
0.44950 0.67090 3.355e-03
0.45000 0.66549 3.355e-03
0.45050 0.66878 3.355e-03
0.45100 0.67143 3.355e-03
0.45150 0.66835 3.355e-03
0.45200 0.66312 3.355e-03
0.45250 0.66448 3.355e-03
0.45300 0.66384 3.355e-03
0.45350 0.66171 3.355e-03
0.45400 0.66740 3.355e-03
0.45450 0.66103 3.355e-03
0.45500 0.66281 3.355e-03
0.45550 0.65707 3.355e-03
0.45600 0.66062 3.355e-03
0.45650 0.65985 3.355e-03
0.45700 0.65712 3.355e-03
0.45750 0.65719 3.355e-03
0.45800 0.65716 3.355e-03
0.45850 0.65748 3.355e-03
0.45900 0.65934 3.355e-03
0.45950 0.65053 3.355e-03
0.46000 0.65697 3.355e-03
0.46050 0.65985 3.355e-03
0.46100 0.65253 3.355e-03
0.46150 0.65380 3.355e-03
0.46200 0.65318 3.355e-03
0.46250 0.64572 3.355e-03
0.46300 0.64979 3.355e-03
0.46350 0.65028 3.355e-03
0.46400 0.64623 3.355e-03
0.46450 0.64675 3.355e-03
0.46500 0.64645 3.355e-03
0.46550 0.64664 3.355e-03
0.46600 0.64572 3.355e-03
0.46650 0.64797 3.355e-03
0.46700 0.64633 3.355e-03
0.46750 0.64449 3.355e-03
0.46800 0.64346 3.355e-03
0.46850 0.64452 3.355e-03
0.46900 0.64492 3.355e-03
0.46950 0.64845 3.355e-03
0.47000 0.63759 3.355e-03
0.47050 0.64142 3.355e-03
0.47100 0.64466 3.355e-03
0.47150 0.64310 3.355e-03
0.47200 0.64210 3.355e-03
0.47250 0.64460 3.355e-03
0.47300 0.64391 3.355e-03
0.47350 0.64087 3.355e-03
0.47400 0.64089 3.355e-03
0.47450 0.64049 3.355e-03
0.47500 0.64160 3.355e-03
0.47550 0.64389 3.355e-03
0.47600 0.64499 3.355e-03
0.47650 0.63970 3.355e-03
0.47700 0.64573 3.355e-03
0.47750 0.64492 3.355e-03
0.47800 0.64425 3.355e-03
0.47850 0.64385 3.355e-03
0.47900 0.63862 3.355e-03
0.47950 0.64457 3.355e-03
0.48000 0.64469 3.355e-03
0.48050 0.64556 3.355e-03
0.48100 0.64692 3.355e-03
0.48150 0.64233 3.355e-03
0.48200 0.64688 3.355e-03
0.48250 0.64137 3.355e-03
0.48300 0.64631 3.355e-03
0.48350 0.64443 3.355e-03
0.48400 0.64567 3.355e-03
0.48450 0.63372 3.355e-03
0.48500 0.64205 3.355e-03
0.48550 0.63994 3.355e-03
0.48600 0.64142 3.355e-03
0.48650 0.64070 3.355e-03
0.48700 0.64125 3.355e-03
0.48750 0.63866 3.355e-03
0.48800 0.64013 3.355e-03
0.48850 0.63675 3.355e-03
0.48900 0.64707 3.355e-03
0.48950 0.63706 3.355e-03
0.49000 0.63868 3.355e-03
0.49050 0.64639 3.355e-03
0.49100 0.64503 3.355e-03
0.49150 0.63849 3.355e-03
0.49200 0.63868 3.355e-03
0.49250 0.64099 3.355e-03
0.49300 0.64120 3.355e-03
0.49350 0.64061 3.355e-03
0.49400 0.63719 3.355e-03
0.49450 0.64744 3.355e-03
0.49500 0.64348 3.355e-03
0.49550 0.64204 3.355e-03
0.49600 0.64316 3.355e-03
0.49650 0.63702 3.355e-03
0.49700 0.64325 3.355e-03
0.49750 0.64232 3.355e-03
0.49800 0.64328 3.355e-03
0.49850 0.64127 3.355e-03
0.49900 0.63792 3.355e-03
0.49950 0.64285 3.355e-03
0.50000 0.63631 3.355e-03
0.50050 0.63926 3.355e-03
0.50100 0.64238 3.355e-03
0.50150 0.63376 3.355e-03
0.50200 0.64294 3.355e-03
0.50250 0.63326 3.355e-03
0.50300 0.63985 3.355e-03
0.50350 0.64296 3.355e-03
0.50400 0.63886 3.355e-03
0.50450 0.64343 3.355e-03
0.50500 0.64486 3.355e-03
0.50550 0.64850 3.355e-03
0.50600 0.64340 3.355e-03
0.50650 0.64301 3.355e-03
0.50700 0.64622 3.355e-03
0.50750 0.64476 3.355e-03
0.50800 0.64761 3.355e-03
0.50850 0.63920 3.355e-03
0.50900 0.64378 3.355e-03
0.50950 0.64164 3.355e-03
0.51000 0.64193 3.355e-03
0.51050 0.64390 3.355e-03
0.51100 0.64261 3.355e-03
0.51150 0.64083 3.355e-03
0.51200 0.64174 3.355e-03
0.51250 0.64242 3.355e-03
0.51300 0.64518 3.355e-03
0.51350 0.64175 3.355e-03
0.51400 0.63901 3.355e-03
0.51450 0.63929 3.355e-03
0.51500 0.63700 3.355e-03
0.51550 0.64901 3.355e-03
0.51600 0.63690 3.355e-03
0.51650 0.64400 3.355e-03
0.51700 0.64391 3.355e-03
0.51750 0.63958 3.355e-03
0.51800 0.64339 3.355e-03
0.51850 0.64197 3.355e-03
0.51900 0.64041 3.355e-03
0.51950 0.64646 3.355e-03
0.52000 0.63846 3.355e-03
0.52050 0.64412 3.355e-03
0.52100 0.64223 3.355e-03
0.52150 0.63508 3.355e-03
0.52200 0.64484 3.355e-03
0.52250 0.64125 3.355e-03
0.52300 0.64348 3.355e-03
0.52350 0.64202 3.355e-03
0.52400 0.64963 3.355e-03
0.52450 0.63999 3.355e-03
0.52500 0.64184 3.355e-03
0.52550 0.64709 3.355e-03
0.52600 0.64138 3.355e-03
0.52650 0.64111 3.355e-03
0.52700 0.63927 3.355e-03
0.52750 0.64054 3.355e-03
0.52800 0.64300 3.355e-03
0.52850 0.64169 3.355e-03
0.52900 0.63841 3.355e-03
0.52950 0.64603 3.355e-03
0.53000 0.64104 3.355e-03
0.53050 0.64404 3.355e-03
0.53100 0.64163 3.355e-03
0.53150 0.64411 3.355e-03
0.53200 0.63933 3.355e-03
0.53250 0.64384 3.355e-03
0.53300 0.64699 3.355e-03
0.53350 0.64194 3.355e-03
0.53400 0.64864 3.355e-03
0.53450 0.64618 3.355e-03
0.53500 0.64737 3.355e-03
0.53550 0.65123 3.355e-03
0.53600 0.64655 3.355e-03
0.53650 0.65183 3.355e-03
0.53700 0.64264 3.355e-03
0.53750 0.65519 3.355e-03
0.53800 0.64853 3.355e-03
0.53850 0.65274 3.355e-03
0.53900 0.65077 3.355e-03
0.53950 0.65227 3.355e-03
0.54000 0.65799 3.355e-03
0.54050 0.65745 3.355e-03
0.54100 0.65718 3.355e-03
0.54150 0.65234 3.355e-03
0.54200 0.66633 3.355e-03
0.54250 0.66432 3.355e-03
0.54300 0.66307 3.355e-03
0.54350 0.65389 3.355e-03
0.54400 0.66196 3.355e-03
0.54450 0.65751 3.355e-03
0.54500 0.66323 3.355e-03
0.54550 0.65958 3.355e-03
0.54600 0.66702 3.355e-03
0.54650 0.66619 3.355e-03
0.54700 0.66558 3.355e-03
0.54750 0.66671 3.355e-03
0.54800 0.66442 3.355e-03
0.54850 0.66735 3.355e-03
0.54900 0.66510 3.355e-03
0.54950 0.67030 3.355e-03
0.55000 0.67128 3.355e-03
0.55050 0.67175 3.355e-03
0.55100 0.67114 3.355e-03
0.55150 0.66881 3.355e-03
0.55200 0.67009 3.355e-03
0.55250 0.66779 3.355e-03
0.55300 0.67022 3.355e-03
0.55350 0.66465 3.355e-03
0.55400 0.66927 3.355e-03
0.55450 0.67199 3.355e-03
0.55500 0.66626 3.355e-03
0.55550 0.66774 3.355e-03
0.55600 0.67411 3.355e-03
0.55650 0.67495 3.355e-03
0.55700 0.67335 3.355e-03
0.55750 0.66275 3.355e-03
0.55800 0.66903 3.355e-03
0.55850 0.67480 3.355e-03
0.55900 0.67141 3.355e-03
0.55950 0.67073 3.355e-03
0.56000 0.67254 3.355e-03
0.56050 0.67113 3.355e-03
0.56100 0.67391 3.355e-03
0.56150 0.67524 3.355e-03
0.56200 0.66999 3.355e-03
0.56250 0.67197 3.355e-03
0.56300 0.67206 3.355e-03
0.56350 0.66545 3.355e-03
0.56400 0.67426 3.355e-03
0.56450 0.67189 3.355e-03
0.56500 0.67407 3.355e-03
0.56550 0.66793 3.355e-03
0.56600 0.66859 3.355e-03
0.56650 0.66986 3.355e-03
0.56700 0.66959 3.355e-03
0.56750 0.66665 3.355e-03
0.56800 0.66885 3.355e-03
0.56850 0.67537 3.355e-03
0.56900 0.66873 3.355e-03
0.56950 0.67763 3.355e-03
0.57000 0.67308 3.355e-03
0.57050 0.67056 3.355e-03
0.57100 0.68032 3.355e-03
0.57150 0.66749 3.355e-03
0.57200 0.67135 3.355e-03
0.57250 0.67314 3.355e-03
0.57300 0.67069 3.355e-03
0.57350 0.66711 3.355e-03
0.57400 0.67420 3.355e-03
0.57450 0.67229 3.355e-03
0.57500 0.67093 3.355e-03
0.57550 0.67137 3.355e-03
0.57600 0.67430 3.355e-03
0.57650 0.67792 3.355e-03
0.57700 0.66880 3.355e-03
0.57750 0.67099 3.355e-03
0.57800 0.67558 3.355e-03
0.57850 0.66468 3.355e-03
0.57900 0.66939 3.355e-03
0.57950 0.67118 3.355e-03
0.58000 0.67334 3.355e-03
0.58050 0.67142 3.355e-03
0.58100 0.66745 3.355e-03
0.58150 0.67351 3.355e-03
0.58200 0.67057 3.355e-03
0.58250 0.67175 3.355e-03
0.58300 0.67208 3.355e-03
0.58350 0.66649 3.355e-03
0.58400 0.67433 3.355e-03
0.58450 0.66806 3.355e-03
0.58500 0.67188 3.355e-03
0.58550 0.66989 3.355e-03
0.58600 0.67398 3.355e-03
0.58650 0.66736 3.355e-03
0.58700 0.67309 3.355e-03
0.58750 0.66922 3.355e-03
0.58800 0.66433 3.355e-03
0.58850 0.66559 3.355e-03
0.58900 0.67432 3.355e-03
0.58950 0.67150 3.355e-03
0.59000 0.66870 3.355e-03
0.59050 0.67307 3.355e-03
0.59100 0.66988 3.355e-03
0.59150 0.67289 3.355e-03
0.59200 0.66531 3.355e-03
0.59250 0.67167 3.355e-03
0.59300 0.67214 3.355e-03
0.59350 0.67037 3.355e-03
0.59400 0.67450 3.355e-03
0.59450 0.67401 3.355e-03
0.59500 0.66441 3.355e-03
0.59550 0.67341 3.355e-03
0.59600 0.67066 3.355e-03
0.59650 0.67649 3.355e-03
0.59700 0.67110 3.355e-03
0.59750 0.67047 3.355e-03
0.59800 0.67099 3.355e-03
0.59850 0.67059 3.355e-03
0.59900 0.67152 3.355e-03
0.59950 0.67508 3.355e-03
0.60000 0.66593 3.355e-03
0.60050 0.67450 3.355e-03
0.60100 0.67024 3.355e-03
0.60150 0.67151 3.355e-03
0.60200 0.67376 3.355e-03
0.60250 0.66745 3.355e-03
0.60300 0.67364 3.355e-03
0.60350 0.67159 3.355e-03
0.60400 0.66648 3.355e-03
0.60450 0.67100 3.355e-03
0.60500 0.67133 3.355e-03
0.60550 0.67027 3.355e-03
0.60600 0.66481 3.355e-03
0.60650 0.67312 3.355e-03
0.60700 0.66591 3.355e-03
0.60750 0.67114 3.355e-03
0.60800 0.67707 3.355e-03
0.60850 0.66578 3.355e-03
0.60900 0.66885 3.355e-03
0.60950 0.66517 3.355e-03
0.61000 0.67194 3.355e-03
0.61050 0.67467 3.355e-03
0.61100 0.67148 3.355e-03
0.61150 0.67198 3.355e-03
0.61200 0.66452 3.355e-03
0.61250 0.66729 3.355e-03
0.61300 0.67709 3.355e-03
0.61350 0.67408 3.355e-03
0.61400 0.67245 3.355e-03
0.61450 0.67360 3.355e-03
0.61500 0.66717 3.355e-03
0.61550 0.67147 3.355e-03
0.61600 0.66802 3.355e-03
0.61650 0.66564 3.355e-03
0.61700 0.67052 3.355e-03
0.61750 0.66939 3.355e-03
0.61800 0.67101 3.355e-03
0.61850 0.66959 3.355e-03
0.61900 0.66993 3.355e-03
0.61950 0.67209 3.355e-03
0.62000 0.67529 3.355e-03
0.62050 0.67097 3.355e-03
0.62100 0.66767 3.355e-03
0.62150 0.67383 3.355e-03
0.62200 0.67059 3.355e-03
0.62250 0.67298 3.355e-03
0.62300 0.67440 3.355e-03
0.62350 0.66887 3.355e-03
0.62400 0.67082 3.355e-03
0.62450 0.66770 3.355e-03
0.62500 0.67444 3.355e-03
0.62550 0.66919 3.355e-03
0.62600 0.67047 3.355e-03
0.62650 0.67325 3.355e-03
0.62700 0.66937 3.355e-03
0.62750 0.67376 3.355e-03
0.62800 0.67585 3.355e-03
0.62850 0.68055 3.355e-03
0.62900 0.67149 3.355e-03
0.62950 0.67072 3.355e-03
0.63000 0.67011 3.355e-03
0.63050 0.67312 3.355e-03
0.63100 0.66423 3.355e-03
0.63150 0.66985 3.355e-03
0.63200 0.67592 3.355e-03
0.63250 0.66486 3.355e-03
0.63300 0.67909 3.355e-03
0.63350 0.67192 3.355e-03
0.63400 0.67102 3.355e-03
0.63450 0.66929 3.355e-03
0.63500 0.66548 3.355e-03
0.63550 0.66763 3.355e-03
0.63600 0.67223 3.355e-03
0.63650 0.66965 3.355e-03
0.63700 0.67080 3.355e-03
0.63750 0.67019 3.355e-03
0.63800 0.67148 3.355e-03
0.63850 0.67086 3.355e-03
0.63900 0.66864 3.355e-03
0.63950 0.67274 3.355e-03
0.64000 0.67328 3.355e-03
0.64050 0.66844 3.355e-03
0.64100 0.67304 3.355e-03
0.64150 0.66539 3.355e-03
0.64200 0.67393 3.355e-03
0.64250 0.67362 3.355e-03
0.64300 0.67120 3.355e-03
0.64350 0.67340 3.355e-03
0.64400 0.67382 3.355e-03
0.64450 0.67013 3.355e-03
0.64500 0.67193 3.355e-03
0.64550 0.67431 3.355e-03
0.64600 0.67051 3.355e-03
0.64650 0.66720 3.355e-03
0.64700 0.66727 3.355e-03
0.64750 0.67213 3.355e-03
0.64800 0.66677 3.355e-03
0.64850 0.66623 3.355e-03
0.64900 0.67422 3.355e-03
0.64950 0.67021 3.355e-03
0.65000 0.66797 3.355e-03
0.65050 0.66529 3.355e-03
0.65100 0.67094 3.355e-03
0.65150 0.66886 3.355e-03
0.65200 0.67172 3.355e-03
0.65250 0.67352 3.355e-03
0.65300 0.66734 3.355e-03
0.65350 0.67268 3.355e-03
0.65400 0.66949 3.355e-03
0.65450 0.67211 3.355e-03
0.65500 0.67379 3.355e-03
0.65550 0.67320 3.355e-03
0.65600 0.66780 3.355e-03
0.65650 0.67135 3.355e-03
0.65700 0.66928 3.355e-03
0.65750 0.66655 3.355e-03
0.65800 0.66559 3.355e-03
0.65850 0.67111 3.355e-03
0.65900 0.67336 3.355e-03
0.65950 0.67670 3.355e-03
0.66000 0.67341 3.355e-03
0.66050 0.67412 3.355e-03
0.66100 0.66669 3.355e-03
0.66150 0.68047 3.355e-03
0.66200 0.67946 3.355e-03
0.66250 0.67265 3.355e-03
0.66300 0.67131 3.355e-03
0.66350 0.67299 3.355e-03
0.66400 0.67430 3.355e-03
0.66450 0.66447 3.355e-03
0.66500 0.66834 3.355e-03
0.66550 0.66779 3.355e-03
0.66600 0.67644 3.355e-03
0.66650 0.67137 3.355e-03
0.66700 0.67406 3.355e-03
0.66750 0.66713 3.355e-03
0.66800 0.67171 3.355e-03
0.66850 0.67479 3.355e-03
0.66900 0.66755 3.355e-03
0.66950 0.67011 3.355e-03
0.67000 0.67634 3.355e-03
0.67050 0.67284 3.355e-03
0.67100 0.66566 3.355e-03
0.67150 0.66901 3.355e-03
0.67200 0.66646 3.355e-03
0.67250 0.67300 3.355e-03
0.67300 0.67104 3.355e-03
0.67350 0.67383 3.355e-03
0.67400 0.67407 3.355e-03
0.67450 0.67383 3.355e-03
0.67500 0.67395 3.355e-03
0.67550 0.67046 3.355e-03
0.67600 0.67173 3.355e-03
0.67650 0.66694 3.355e-03
0.67700 0.67147 3.355e-03
0.67750 0.66955 3.355e-03
0.67800 0.66803 3.355e-03
0.67850 0.66932 3.355e-03
0.67900 0.66380 3.355e-03
0.67950 0.66817 3.355e-03
0.68000 0.67463 3.355e-03
0.68050 0.66463 3.355e-03
0.68100 0.67697 3.355e-03
0.68150 0.67162 3.355e-03
0.68200 0.66927 3.355e-03
0.68250 0.67137 3.355e-03
0.68300 0.66489 3.355e-03
0.68350 0.67534 3.355e-03
0.68400 0.67210 3.355e-03
0.68450 0.67444 3.355e-03
0.68500 0.66776 3.355e-03
0.68550 0.66103 3.355e-03
0.68600 0.67414 3.355e-03
0.68650 0.66642 3.355e-03
0.68700 0.66719 3.355e-03
0.68750 0.67194 3.355e-03
0.68800 0.67195 3.355e-03
0.68850 0.67581 3.355e-03
0.68900 0.66861 3.355e-03
0.68950 0.67265 3.355e-03
0.69000 0.66954 3.355e-03
0.69050 0.67081 3.355e-03
0.69100 0.67349 3.355e-03
0.69150 0.66977 3.355e-03
0.69200 0.67253 3.355e-03
0.69250 0.67232 3.355e-03
0.69300 0.67578 3.355e-03
0.69350 0.66671 3.355e-03
0.69400 0.67863 3.355e-03
0.69450 0.67213 3.355e-03
0.69500 0.67167 3.355e-03
0.69550 0.66834 3.355e-03
0.69600 0.67507 3.355e-03
0.69650 0.66639 3.355e-03
0.69700 0.67310 3.355e-03
0.69750 0.66747 3.355e-03
0.69800 0.66423 3.355e-03
0.69850 0.67164 3.355e-03
0.69900 0.67103 3.355e-03
0.69950 0.67612 3.355e-03
0.70000 0.67434 3.355e-03
0.70050 0.66995 3.355e-03
0.70100 0.67242 3.355e-03
0.70150 0.66995 3.355e-03
0.70200 0.66900 3.355e-03
0.70250 0.66895 3.355e-03
0.70300 0.67489 3.355e-03
0.70350 0.66371 3.355e-03
0.70400 0.66778 3.355e-03
0.70450 0.67400 3.355e-03
0.70500 0.66813 3.355e-03
0.70550 0.66843 3.355e-03
0.70600 0.67104 3.355e-03
0.70650 0.66644 3.355e-03
0.70700 0.67023 3.355e-03
0.70750 0.66698 3.355e-03
0.70800 0.67322 3.355e-03
0.70850 0.66563 3.355e-03
0.70900 0.66727 3.355e-03
0.70950 0.66546 3.355e-03
0.71000 0.66415 3.355e-03
0.71050 0.67424 3.355e-03
0.71100 0.67090 3.355e-03
0.71150 0.66886 3.355e-03
0.71200 0.67419 3.355e-03
0.71250 0.66832 3.355e-03
0.71300 0.67766 3.355e-03
0.71350 0.67344 3.355e-03
0.71400 0.67469 3.355e-03
0.71450 0.67427 3.355e-03
0.71500 0.66737 3.355e-03
0.71550 0.66997 3.355e-03
0.71600 0.67232 3.355e-03
0.71650 0.66407 3.355e-03
0.71700 0.67395 3.355e-03
0.71750 0.66673 3.355e-03
0.71800 0.67221 3.355e-03
0.71850 0.66896 3.355e-03
0.71900 0.66864 3.355e-03
0.71950 0.66672 3.355e-03
0.72000 0.67521 3.355e-03
0.72050 0.67582 3.355e-03
0.72100 0.67216 3.355e-03
0.72150 0.66650 3.355e-03
0.72200 0.66730 3.355e-03
0.72250 0.67699 3.355e-03
0.72300 0.67350 3.355e-03
0.72350 0.66706 3.355e-03
0.72400 0.67047 3.355e-03
0.72450 0.66760 3.355e-03
0.72500 0.67126 3.355e-03
0.72550 0.67334 3.355e-03
0.72600 0.66866 3.355e-03
0.72650 0.67312 3.355e-03
0.72700 0.67332 3.355e-03
0.72750 0.66483 3.355e-03
0.72800 0.67509 3.355e-03
0.72850 0.67453 3.355e-03
0.72900 0.66660 3.355e-03
0.72950 0.66820 3.355e-03
0.73000 0.67099 3.355e-03
0.73050 0.67095 3.355e-03
0.73100 0.66520 3.355e-03
0.73150 0.66616 3.355e-03
0.73200 0.67000 3.355e-03
0.73250 0.67369 3.355e-03
0.73300 0.67280 3.355e-03
0.73350 0.67165 3.355e-03
0.73400 0.67439 3.355e-03
0.73450 0.67658 3.355e-03
0.73500 0.67679 3.355e-03
0.73550 0.67271 3.355e-03
0.73600 0.66699 3.355e-03
0.73650 0.66989 3.355e-03
0.73700 0.67208 3.355e-03
0.73750 0.66548 3.355e-03
0.73800 0.67272 3.355e-03
0.73850 0.67049 3.355e-03
0.73900 0.67077 3.355e-03
0.73950 0.67238 3.355e-03
0.74000 0.67051 3.355e-03
0.74050 0.66955 3.355e-03
0.74100 0.66826 3.355e-03
0.74150 0.67258 3.355e-03
0.74200 0.66946 3.355e-03
0.74250 0.67537 3.355e-03
0.74300 0.67270 3.355e-03
0.74350 0.67040 3.355e-03
0.74400 0.67221 3.355e-03
0.74450 0.67328 3.355e-03
0.74500 0.67390 3.355e-03
0.74550 0.66905 3.355e-03
0.74600 0.66822 3.355e-03
0.74650 0.66649 3.355e-03
0.74700 0.66693 3.355e-03
0.74750 0.66860 3.355e-03
0.74800 0.67228 3.355e-03
0.74850 0.66810 3.355e-03
0.74900 0.67444 3.355e-03
0.74950 0.66877 3.355e-03
0.75000 0.66864 3.355e-03
0.75050 0.67343 3.355e-03
0.75100 0.67606 3.355e-03
0.75150 0.67089 3.355e-03
0.75200 0.67722 3.355e-03
0.75250 0.66602 3.355e-03
0.75300 0.67363 3.355e-03
0.75350 0.67272 3.355e-03
0.75400 0.67319 3.355e-03
0.75450 0.66837 3.355e-03
0.75500 0.66757 3.355e-03
0.75550 0.67207 3.355e-03
0.75600 0.66948 3.355e-03
0.75650 0.66857 3.355e-03
0.75700 0.66745 3.355e-03
0.75750 0.66798 3.355e-03
0.75800 0.66919 3.355e-03
0.75850 0.67409 3.355e-03
0.75900 0.67287 3.355e-03
0.75950 0.67013 3.355e-03
0.76000 0.66479 3.355e-03
0.76050 0.67436 3.355e-03
0.76100 0.67382 3.355e-03
0.76150 0.67315 3.355e-03
0.76200 0.67325 3.355e-03
0.76250 0.67093 3.355e-03
0.76300 0.67556 3.355e-03
0.76350 0.67149 3.355e-03
0.76400 0.66874 3.355e-03
0.76450 0.67104 3.355e-03
0.76500 0.66105 3.355e-03
0.76550 0.66588 3.355e-03
0.76600 0.66673 3.355e-03
0.76650 0.66417 3.355e-03
0.76700 0.66790 3.355e-03
0.76750 0.67022 3.355e-03
0.76800 0.66970 3.355e-03
0.76850 0.67400 3.355e-03
0.76900 0.67318 3.355e-03
0.76950 0.66538 3.355e-03
0.77000 0.67099 3.355e-03
0.77050 0.67315 3.355e-03
0.77100 0.66568 3.355e-03
0.77150 0.67311 3.355e-03
0.77200 0.67089 3.355e-03
0.77250 0.66915 3.355e-03
0.77300 0.67855 3.355e-03
0.77350 0.67235 3.355e-03
0.77400 0.66697 3.355e-03
0.77450 0.67592 3.355e-03
0.77500 0.67140 3.355e-03
0.77550 0.67074 3.355e-03
0.77600 0.67064 3.355e-03
0.77650 0.67180 3.355e-03
0.77700 0.67368 3.355e-03
0.77750 0.66679 3.355e-03
0.77800 0.67069 3.355e-03
0.77850 0.67450 3.355e-03
0.77900 0.66581 3.355e-03
0.77950 0.67408 3.355e-03
0.78000 0.67232 3.355e-03
0.78050 0.66985 3.355e-03
0.78100 0.66843 3.355e-03
0.78150 0.67384 3.355e-03
0.78200 0.67109 3.355e-03
0.78250 0.67244 3.355e-03
0.78300 0.67356 3.355e-03
0.78350 0.67199 3.355e-03
0.78400 0.66937 3.355e-03
0.78450 0.66996 3.355e-03
0.78500 0.67255 3.355e-03
0.78550 0.66410 3.355e-03
0.78600 0.67352 3.355e-03
0.78650 0.66780 3.355e-03
0.78700 0.67274 3.355e-03
0.78750 0.67359 3.355e-03
0.78800 0.67058 3.355e-03
0.78850 0.66659 3.355e-03
0.78900 0.66873 3.355e-03
0.78950 0.67368 3.355e-03
0.79000 0.66999 3.355e-03
0.79050 0.67837 3.355e-03
0.79100 0.67032 3.355e-03
0.79150 0.67042 3.355e-03
0.79200 0.67324 3.355e-03
0.79250 0.66673 3.355e-03
0.79300 0.67055 3.355e-03
0.79350 0.66776 3.355e-03
0.79400 0.66803 3.355e-03
0.79450 0.66497 3.355e-03
0.79500 0.66606 3.355e-03
0.79550 0.67292 3.355e-03
0.79600 0.67651 3.355e-03
0.79650 0.67545 3.355e-03
0.79700 0.67157 3.355e-03
0.79750 0.67821 3.355e-03
0.79800 0.67483 3.355e-03
0.79850 0.66867 3.355e-03
0.79900 0.67691 3.355e-03
0.79950 0.67316 3.355e-03
0.80000 0.67372 3.355e-03
0.80050 0.66871 3.355e-03
0.80100 0.66552 3.355e-03
0.80150 0.67270 3.355e-03
0.80200 0.66587 3.355e-03
0.80250 0.66717 3.355e-03
0.80300 0.66691 3.355e-03
0.80350 0.66999 3.355e-03
0.80400 0.67199 3.355e-03
0.80450 0.67169 3.355e-03
0.80500 0.67096 3.355e-03
0.80550 0.66677 3.355e-03
0.80600 0.67284 3.355e-03
0.80650 0.67432 3.355e-03
0.80700 0.66621 3.355e-03
0.80750 0.67478 3.355e-03
0.80800 0.67498 3.355e-03
0.80850 0.67495 3.355e-03
0.80900 0.67346 3.355e-03
0.80950 0.67291 3.355e-03
0.81000 0.67207 3.355e-03
0.81050 0.67085 3.355e-03
0.81100 0.67616 3.355e-03
0.81150 0.67078 3.355e-03
0.81200 0.67754 3.355e-03
0.81250 0.67458 3.355e-03
0.81300 0.67236 3.355e-03
0.81350 0.66985 3.355e-03
0.81400 0.66945 3.355e-03
0.81450 0.66172 3.355e-03
0.81500 0.67068 3.355e-03
0.81550 0.67158 3.355e-03
0.81600 0.67288 3.355e-03
0.81650 0.66403 3.355e-03
0.81700 0.66720 3.355e-03
0.81750 0.67239 3.355e-03
0.81800 0.67196 3.355e-03
0.81850 0.67600 3.355e-03
0.81900 0.68035 3.355e-03
0.81950 0.67409 3.355e-03
0.82000 0.66981 3.355e-03
0.82050 0.66640 3.355e-03
0.82100 0.66853 3.355e-03
0.82150 0.66907 3.355e-03
0.82200 0.66544 3.355e-03
0.82250 0.67285 3.355e-03
0.82300 0.66876 3.355e-03
0.82350 0.67077 3.355e-03
0.82400 0.67162 3.355e-03
0.82450 0.67320 3.355e-03
0.82500 0.67174 3.355e-03
0.82550 0.67425 3.355e-03
0.82600 0.67415 3.355e-03
0.82650 0.66814 3.355e-03
0.82700 0.66990 3.355e-03
0.82750 0.66655 3.355e-03
0.82800 0.66723 3.355e-03
0.82850 0.67352 3.355e-03
0.82900 0.67709 3.355e-03
0.82950 0.67365 3.355e-03
0.83000 0.67205 3.355e-03
0.83050 0.66635 3.355e-03
0.83100 0.67747 3.355e-03
0.83150 0.67058 3.355e-03
0.83200 0.67467 3.355e-03
0.83250 0.66731 3.355e-03
0.83300 0.66824 3.355e-03
0.83350 0.67116 3.355e-03
0.83400 0.66544 3.355e-03
0.83450 0.66552 3.355e-03
0.83500 0.66993 3.355e-03
0.83550 0.67124 3.355e-03
0.83600 0.67364 3.355e-03
0.83650 0.66740 3.355e-03
0.83700 0.66597 3.355e-03
0.83750 0.67513 3.355e-03
0.83800 0.67032 3.355e-03
0.83850 0.67157 3.355e-03
0.83900 0.67414 3.355e-03
0.83950 0.67123 3.355e-03
0.84000 0.67182 3.355e-03
0.84050 0.67237 3.355e-03
0.84100 0.67047 3.355e-03
0.84150 0.66765 3.355e-03
0.84200 0.66859 3.355e-03
0.84250 0.67393 3.355e-03
0.84300 0.67538 3.355e-03
0.84350 0.67005 3.355e-03
0.84400 0.66986 3.355e-03
0.84450 0.66903 3.355e-03
0.84500 0.67285 3.355e-03
0.84550 0.67376 3.355e-03
0.84600 0.67282 3.355e-03
0.84650 0.66871 3.355e-03
0.84700 0.67367 3.355e-03
0.84750 0.67186 3.355e-03
0.84800 0.67309 3.355e-03
0.84850 0.66484 3.355e-03
0.84900 0.67239 3.355e-03
0.84950 0.67484 3.355e-03
0.85000 0.67364 3.355e-03
