# 
# This file contains a simulated light curve of a single orbit of a circular orbit,
# eclipsing binary. The three columns are orbital phase (changes by 1 over the orbit),
# flux, and uncertainty in flux.
# 
-0.15000 1.73999 8.713e-03
-0.14950 1.73782 8.713e-03
-0.14900 1.73849 8.713e-03
-0.14850 1.74088 8.713e-03
-0.14800 1.73902 8.713e-03
-0.14750 1.74570 8.713e-03
-0.14700 1.74974 8.713e-03
-0.14650 1.73037 8.713e-03
-0.14600 1.74461 8.713e-03
-0.14550 1.74237 8.713e-03
-0.14500 1.75183 8.713e-03
-0.14450 1.74232 8.713e-03
-0.14400 1.73879 8.713e-03
-0.14350 1.75129 8.713e-03
-0.14300 1.73174 8.713e-03
-0.14250 1.73144 8.713e-03
-0.14200 1.73338 8.713e-03
-0.14150 1.74724 8.713e-03
-0.14100 1.74644 8.713e-03
-0.14050 1.74433 8.713e-03
-0.14000 1.72942 8.713e-03
-0.13950 1.73532 8.713e-03
-0.13900 1.74030 8.713e-03
-0.13850 1.76491 8.713e-03
-0.13800 1.74602 8.713e-03
-0.13750 1.74026 8.713e-03
-0.13700 1.74549 8.713e-03
-0.13650 1.74138 8.713e-03
-0.13600 1.72421 8.713e-03
-0.13550 1.74157 8.713e-03
-0.13500 1.74176 8.713e-03
-0.13450 1.73463 8.713e-03
-0.13400 1.73337 8.713e-03
-0.13350 1.73402 8.713e-03
-0.13300 1.73692 8.713e-03
-0.13250 1.73538 8.713e-03
-0.13200 1.73191 8.713e-03
-0.13150 1.74672 8.713e-03
-0.13100 1.72518 8.713e-03
-0.13050 1.73838 8.713e-03
-0.13000 1.75964 8.713e-03
-0.12950 1.75035 8.713e-03
-0.12900 1.74766 8.713e-03
-0.12850 1.74711 8.713e-03
-0.12800 1.74915 8.713e-03
-0.12750 1.73998 8.713e-03
-0.12700 1.75623 8.713e-03
-0.12650 1.75978 8.713e-03
-0.12600 1.75119 8.713e-03
-0.12550 1.73463 8.713e-03
-0.12500 1.75006 8.713e-03
-0.12450 1.74415 8.713e-03
-0.12400 1.75236 8.713e-03
-0.12350 1.72947 8.713e-03
-0.12300 1.75498 8.713e-03
-0.12250 1.74528 8.713e-03
-0.12200 1.73635 8.713e-03
-0.12150 1.74786 8.713e-03
-0.12100 1.73218 8.713e-03
-0.12050 1.74547 8.713e-03
-0.12000 1.76300 8.713e-03
-0.11950 1.74546 8.713e-03
-0.11900 1.74324 8.713e-03
-0.11850 1.75570 8.713e-03
-0.11800 1.73303 8.713e-03
-0.11750 1.74394 8.713e-03
-0.11700 1.73267 8.713e-03
-0.11650 1.74178 8.713e-03
-0.11600 1.73924 8.713e-03
-0.11550 1.74235 8.713e-03
-0.11500 1.73926 8.713e-03
-0.11450 1.74913 8.713e-03
-0.11400 1.74144 8.713e-03
-0.11350 1.75603 8.713e-03
-0.11300 1.73876 8.713e-03
-0.11250 1.73301 8.713e-03
-0.11200 1.74865 8.713e-03
-0.11150 1.75684 8.713e-03
-0.11100 1.72838 8.713e-03
-0.11050 1.74708 8.713e-03
-0.11000 1.73119 8.713e-03
-0.10950 1.74534 8.713e-03
-0.10900 1.75297 8.713e-03
-0.10850 1.74384 8.713e-03
-0.10800 1.73720 8.713e-03
-0.10750 1.74118 8.713e-03
-0.10700 1.75006 8.713e-03
-0.10650 1.74010 8.713e-03
-0.10600 1.74974 8.713e-03
-0.10550 1.75484 8.713e-03
-0.10500 1.74060 8.713e-03
-0.10450 1.74871 8.713e-03
-0.10400 1.74296 8.713e-03
-0.10350 1.73036 8.713e-03
-0.10300 1.73419 8.713e-03
-0.10250 1.73618 8.713e-03
-0.10200 1.74819 8.713e-03
-0.10150 1.74189 8.713e-03
-0.10100 1.72716 8.713e-03
-0.10050 1.75188 8.713e-03
-0.10000 1.74365 8.713e-03
-0.09950 1.74465 8.713e-03
-0.09900 1.72930 8.713e-03
-0.09850 1.74036 8.713e-03
-0.09800 1.75019 8.713e-03
-0.09750 1.75024 8.713e-03
-0.09700 1.74343 8.713e-03
-0.09650 1.73917 8.713e-03
-0.09600 1.75660 8.713e-03
-0.09550 1.75615 8.713e-03
-0.09500 1.74849 8.713e-03
-0.09450 1.74882 8.713e-03
-0.09400 1.74628 8.713e-03
-0.09350 1.73751 8.713e-03
-0.09300 1.74091 8.713e-03
-0.09250 1.73871 8.713e-03
-0.09200 1.72138 8.713e-03
-0.09150 1.73135 8.713e-03
-0.09100 1.75706 8.713e-03
-0.09050 1.72760 8.713e-03
-0.09000 1.72608 8.713e-03
-0.08950 1.73082 8.713e-03
-0.08900 1.73761 8.713e-03
-0.08850 1.73956 8.713e-03
-0.08800 1.74967 8.713e-03
-0.08750 1.74742 8.713e-03
-0.08700 1.73221 8.713e-03
-0.08650 1.73324 8.713e-03
-0.08600 1.73560 8.713e-03
-0.08550 1.75191 8.713e-03
-0.08500 1.74913 8.713e-03
-0.08450 1.75368 8.713e-03
-0.08400 1.75805 8.713e-03
-0.08350 1.73717 8.713e-03
-0.08300 1.73398 8.713e-03
-0.08250 1.74466 8.713e-03
-0.08200 1.72818 8.713e-03
-0.08150 1.74322 8.713e-03
-0.08100 1.75627 8.713e-03
-0.08050 1.74081 8.713e-03
-0.08000 1.73864 8.713e-03
-0.07950 1.74515 8.713e-03
-0.07900 1.74557 8.713e-03
-0.07850 1.74503 8.713e-03
-0.07800 1.75047 8.713e-03
-0.07750 1.73949 8.713e-03
-0.07700 1.73220 8.713e-03
-0.07650 1.72880 8.713e-03
-0.07600 1.76506 8.713e-03
-0.07550 1.73578 8.713e-03
-0.07500 1.72286 8.713e-03
-0.07450 1.74815 8.713e-03
-0.07400 1.74149 8.713e-03
-0.07350 1.75647 8.713e-03
-0.07300 1.74041 8.713e-03
-0.07250 1.74239 8.713e-03
-0.07200 1.75078 8.713e-03
-0.07150 1.75267 8.713e-03
-0.07100 1.73631 8.713e-03
-0.07050 1.75060 8.713e-03
-0.07000 1.74678 8.713e-03
-0.06950 1.73313 8.713e-03
-0.06900 1.72623 8.713e-03
-0.06850 1.73894 8.713e-03
-0.06800 1.74418 8.713e-03
-0.06750 1.73879 8.713e-03
-0.06700 1.71779 8.713e-03
-0.06650 1.71313 8.713e-03
-0.06600 1.71921 8.713e-03
-0.06550 1.70847 8.713e-03
-0.06500 1.71134 8.713e-03
-0.06450 1.69890 8.713e-03
-0.06400 1.70501 8.713e-03
-0.06350 1.69395 8.713e-03
-0.06300 1.66640 8.713e-03
-0.06250 1.67778 8.713e-03
-0.06200 1.68100 8.713e-03
-0.06150 1.65797 8.713e-03
-0.06100 1.65485 8.713e-03
-0.06050 1.64962 8.713e-03
-0.06000 1.64534 8.713e-03
-0.05950 1.63551 8.713e-03
-0.05900 1.61775 8.713e-03
-0.05850 1.64391 8.713e-03
-0.05800 1.61156 8.713e-03
-0.05750 1.58699 8.713e-03
-0.05700 1.58505 8.713e-03
-0.05650 1.59290 8.713e-03
-0.05600 1.58239 8.713e-03
-0.05550 1.56225 8.713e-03
-0.05500 1.56447 8.713e-03
-0.05450 1.53993 8.713e-03
-0.05400 1.55411 8.713e-03
-0.05350 1.53390 8.713e-03
-0.05300 1.51145 8.713e-03
-0.05250 1.51693 8.713e-03
-0.05200 1.49428 8.713e-03
-0.05150 1.50323 8.713e-03
-0.05100 1.49303 8.713e-03
-0.05050 1.46648 8.713e-03
-0.05000 1.46457 8.713e-03
-0.04950 1.45451 8.713e-03
-0.04900 1.43198 8.713e-03
-0.04850 1.41592 8.713e-03
-0.04800 1.40960 8.713e-03
-0.04750 1.40704 8.713e-03
-0.04700 1.38775 8.713e-03
-0.04650 1.37643 8.713e-03
-0.04600 1.36297 8.713e-03
-0.04550 1.36634 8.713e-03
-0.04500 1.34894 8.713e-03
-0.04450 1.32329 8.713e-03
-0.04400 1.33513 8.713e-03
-0.04350 1.31339 8.713e-03
-0.04300 1.30232 8.713e-03
-0.04250 1.30443 8.713e-03
-0.04200 1.28524 8.713e-03
-0.04150 1.27777 8.713e-03
-0.04100 1.26148 8.713e-03
-0.04050 1.23530 8.713e-03
-0.04000 1.22429 8.713e-03
-0.03950 1.21781 8.713e-03
-0.03900 1.21886 8.713e-03
-0.03850 1.20783 8.713e-03
-0.03800 1.18751 8.713e-03
-0.03750 1.16711 8.713e-03
-0.03700 1.15794 8.713e-03
-0.03650 1.14085 8.713e-03
-0.03600 1.12206 8.713e-03
-0.03550 1.12361 8.713e-03
-0.03500 1.10182 8.713e-03
-0.03450 1.08766 8.713e-03
-0.03400 1.07230 8.713e-03
-0.03350 1.06300 8.713e-03
-0.03300 1.05570 8.713e-03
-0.03250 1.02825 8.713e-03
-0.03200 1.02770 8.713e-03
-0.03150 0.99597 8.713e-03
-0.03100 0.99671 8.713e-03
-0.03050 0.98458 8.713e-03
-0.03000 0.95494 8.713e-03
-0.02950 0.95279 8.713e-03
-0.02900 0.94320 8.713e-03
-0.02850 0.92521 8.713e-03
-0.02800 0.90297 8.713e-03
-0.02750 0.89571 8.713e-03
-0.02700 0.90282 8.713e-03
-0.02650 0.87436 8.713e-03
-0.02600 0.84788 8.713e-03
-0.02550 0.84838 8.713e-03
-0.02500 0.80304 8.713e-03
-0.02450 0.80089 8.713e-03
-0.02400 0.79864 8.713e-03
-0.02350 0.78369 8.713e-03
-0.02300 0.75488 8.713e-03
-0.02250 0.75304 8.713e-03
-0.02200 0.73507 8.713e-03
-0.02150 0.72953 8.713e-03
-0.02100 0.70780 8.713e-03
-0.02050 0.70125 8.713e-03
-0.02000 0.69114 8.713e-03
-0.01950 0.67351 8.713e-03
-0.01900 0.65283 8.713e-03
-0.01850 0.64635 8.713e-03
-0.01800 0.61034 8.713e-03
-0.01750 0.60585 8.713e-03
-0.01700 0.59777 8.713e-03
-0.01650 0.59407 8.713e-03
-0.01600 0.57682 8.713e-03
-0.01550 0.55414 8.713e-03
-0.01500 0.52542 8.713e-03
-0.01450 0.52011 8.713e-03
-0.01400 0.50470 8.713e-03
-0.01350 0.50462 8.713e-03
-0.01300 0.47792 8.713e-03
-0.01250 0.46060 8.713e-03
-0.01200 0.44307 8.713e-03
-0.01150 0.44196 8.713e-03
-0.01100 0.41405 8.713e-03
-0.01050 0.41546 8.713e-03
-0.01000 0.40106 8.713e-03
-0.00950 0.38143 8.713e-03
-0.00900 0.37246 8.713e-03
-0.00850 0.37485 8.713e-03
-0.00800 0.34825 8.713e-03
-0.00750 0.32931 8.713e-03
-0.00700 0.34520 8.713e-03
-0.00650 0.30897 8.713e-03
-0.00600 0.31341 8.713e-03
-0.00550 0.29537 8.713e-03
-0.00500 0.31415 8.713e-03
-0.00450 0.29985 8.713e-03
-0.00400 0.28751 8.713e-03
-0.00350 0.32144 8.713e-03
-0.00300 0.32462 8.713e-03
-0.00250 0.31183 8.713e-03
-0.00200 0.30376 8.713e-03
-0.00150 0.30567 8.713e-03
-0.00100 0.30180 8.713e-03
-0.00050 0.31658 8.713e-03
0.00000 0.30079 8.713e-03
0.00050 0.31904 8.713e-03
0.00100 0.32359 8.713e-03
0.00150 0.30614 8.713e-03
0.00200 0.30688 8.713e-03
0.00250 0.32343 8.713e-03
0.00300 0.29844 8.713e-03
0.00350 0.30232 8.713e-03
0.00400 0.31057 8.713e-03
0.00450 0.31396 8.713e-03
0.00500 0.30472 8.713e-03
0.00550 0.31249 8.713e-03
0.00600 0.30867 8.713e-03
0.00650 0.32453 8.713e-03
0.00700 0.32787 8.713e-03
0.00750 0.33432 8.713e-03
0.00800 0.34197 8.713e-03
0.00850 0.35462 8.713e-03
0.00900 0.36866 8.713e-03
0.00950 0.38891 8.713e-03
0.01000 0.40017 8.713e-03
0.01050 0.39330 8.713e-03
0.01100 0.41837 8.713e-03
0.01150 0.42340 8.713e-03
0.01200 0.45136 8.713e-03
0.01250 0.47971 8.713e-03
0.01300 0.47096 8.713e-03
0.01350 0.49333 8.713e-03
0.01400 0.51635 8.713e-03
0.01450 0.51366 8.713e-03
0.01500 0.52843 8.713e-03
0.01550 0.55500 8.713e-03
0.01600 0.56263 8.713e-03
0.01650 0.57744 8.713e-03
0.01700 0.58280 8.713e-03
0.01750 0.60170 8.713e-03
0.01800 0.61615 8.713e-03
0.01850 0.63209 8.713e-03
0.01900 0.63507 8.713e-03
0.01950 0.67664 8.713e-03
0.02000 0.68377 8.713e-03
0.02050 0.69254 8.713e-03
0.02100 0.70855 8.713e-03
0.02150 0.73544 8.713e-03
0.02200 0.74764 8.713e-03
0.02250 0.76953 8.713e-03
0.02300 0.77463 8.713e-03
0.02350 0.77594 8.713e-03
0.02400 0.79078 8.713e-03
0.02450 0.80715 8.713e-03
0.02500 0.81642 8.713e-03
0.02550 0.84494 8.713e-03
0.02600 0.83797 8.713e-03
0.02650 0.84811 8.713e-03
0.02700 0.88358 8.713e-03
0.02750 0.88458 8.713e-03
0.02800 0.90116 8.713e-03
0.02850 0.93346 8.713e-03
0.02900 0.94196 8.713e-03
0.02950 0.94712 8.713e-03
0.03000 0.97333 8.713e-03
0.03050 0.97028 8.713e-03
0.03100 1.01699 8.713e-03
0.03150 0.99865 8.713e-03
0.03200 1.03226 8.713e-03
0.03250 1.03500 8.713e-03
0.03300 1.05179 8.713e-03
0.03350 1.05560 8.713e-03
0.03400 1.08655 8.713e-03
0.03450 1.08635 8.713e-03
0.03500 1.11446 8.713e-03
0.03550 1.10913 8.713e-03
0.03600 1.12943 8.713e-03
0.03650 1.15112 8.713e-03
0.03700 1.15232 8.713e-03
0.03750 1.16830 8.713e-03
0.03800 1.18003 8.713e-03
0.03850 1.18947 8.713e-03
0.03900 1.20941 8.713e-03
0.03950 1.22393 8.713e-03
0.04000 1.22952 8.713e-03
0.04050 1.22206 8.713e-03
0.04100 1.26709 8.713e-03
0.04150 1.25538 8.713e-03
0.04200 1.28958 8.713e-03
0.04250 1.28124 8.713e-03
0.04300 1.29976 8.713e-03
0.04350 1.31009 8.713e-03
0.04400 1.32393 8.713e-03
0.04450 1.31696 8.713e-03
0.04500 1.35304 8.713e-03
0.04550 1.36970 8.713e-03
0.04600 1.37909 8.713e-03
0.04650 1.38137 8.713e-03
0.04700 1.39617 8.713e-03
0.04750 1.40498 8.713e-03
0.04800 1.41031 8.713e-03
0.04850 1.42899 8.713e-03
0.04900 1.44142 8.713e-03
0.04950 1.44857 8.713e-03
0.05000 1.47567 8.713e-03
0.05050 1.47470 8.713e-03
0.05100 1.48737 8.713e-03
0.05150 1.49684 8.713e-03
0.05200 1.48925 8.713e-03
0.05250 1.51611 8.713e-03
0.05300 1.52670 8.713e-03
0.05350 1.54038 8.713e-03
0.05400 1.54195 8.713e-03
0.05450 1.55827 8.713e-03
0.05500 1.55570 8.713e-03
0.05550 1.55561 8.713e-03
0.05600 1.56068 8.713e-03
0.05650 1.58815 8.713e-03
0.05700 1.58492 8.713e-03
0.05750 1.59334 8.713e-03
0.05800 1.61105 8.713e-03
0.05850 1.61369 8.713e-03
0.05900 1.62482 8.713e-03
0.05950 1.62392 8.713e-03
0.06000 1.65134 8.713e-03
0.06050 1.63723 8.713e-03
0.06100 1.65274 8.713e-03
0.06150 1.65144 8.713e-03
0.06200 1.66845 8.713e-03
0.06250 1.68144 8.713e-03
0.06300 1.69391 8.713e-03
0.06350 1.70190 8.713e-03
0.06400 1.70114 8.713e-03
0.06450 1.71106 8.713e-03
0.06500 1.70270 8.713e-03
0.06550 1.70088 8.713e-03
0.06600 1.71413 8.713e-03
0.06650 1.70753 8.713e-03
0.06700 1.72745 8.713e-03
0.06750 1.73169 8.713e-03
0.06800 1.73644 8.713e-03
0.06850 1.73660 8.713e-03
0.06900 1.73248 8.713e-03
0.06950 1.75200 8.713e-03
0.07000 1.73924 8.713e-03
0.07050 1.75926 8.713e-03
0.07100 1.75374 8.713e-03
0.07150 1.74522 8.713e-03
0.07200 1.73742 8.713e-03
0.07250 1.71872 8.713e-03
0.07300 1.75901 8.713e-03
0.07350 1.75671 8.713e-03
0.07400 1.75074 8.713e-03
0.07450 1.73060 8.713e-03
0.07500 1.74034 8.713e-03
0.07550 1.73118 8.713e-03
0.07600 1.74152 8.713e-03
0.07650 1.74347 8.713e-03
0.07700 1.73019 8.713e-03
0.07750 1.75181 8.713e-03
0.07800 1.73760 8.713e-03
0.07850 1.74762 8.713e-03
0.07900 1.75005 8.713e-03
0.07950 1.74378 8.713e-03
0.08000 1.75655 8.713e-03
0.08050 1.73650 8.713e-03
0.08100 1.74216 8.713e-03
0.08150 1.74723 8.713e-03
0.08200 1.73203 8.713e-03
0.08250 1.73326 8.713e-03
0.08300 1.73703 8.713e-03
0.08350 1.72894 8.713e-03
0.08400 1.75430 8.713e-03
0.08450 1.75316 8.713e-03
0.08500 1.74521 8.713e-03
0.08550 1.74793 8.713e-03
0.08600 1.74227 8.713e-03
0.08650 1.74046 8.713e-03
0.08700 1.73203 8.713e-03
0.08750 1.73215 8.713e-03
0.08800 1.72212 8.713e-03
0.08850 1.75073 8.713e-03
0.08900 1.73318 8.713e-03
0.08950 1.74602 8.713e-03
0.09000 1.72496 8.713e-03
0.09050 1.73389 8.713e-03
0.09100 1.73972 8.713e-03
0.09150 1.74050 8.713e-03
0.09200 1.72679 8.713e-03
0.09250 1.74307 8.713e-03
0.09300 1.73431 8.713e-03
0.09350 1.74306 8.713e-03
0.09400 1.74540 8.713e-03
0.09450 1.73919 8.713e-03
0.09500 1.74507 8.713e-03
0.09550 1.73905 8.713e-03
0.09600 1.74065 8.713e-03
0.09650 1.74900 8.713e-03
0.09700 1.75652 8.713e-03
0.09750 1.76084 8.713e-03
0.09800 1.74033 8.713e-03
0.09850 1.73550 8.713e-03
0.09900 1.75165 8.713e-03
0.09950 1.73742 8.713e-03
0.10000 1.74040 8.713e-03
0.10050 1.75149 8.713e-03
0.10100 1.74887 8.713e-03
0.10150 1.74373 8.713e-03
0.10200 1.75451 8.713e-03
0.10250 1.73389 8.713e-03
0.10300 1.74928 8.713e-03
0.10350 1.73256 8.713e-03
0.10400 1.73960 8.713e-03
0.10450 1.75270 8.713e-03
0.10500 1.75546 8.713e-03
0.10550 1.74322 8.713e-03
0.10600 1.74528 8.713e-03
0.10650 1.73270 8.713e-03
0.10700 1.74511 8.713e-03
0.10750 1.74487 8.713e-03
0.10800 1.74552 8.713e-03
0.10850 1.74451 8.713e-03
0.10900 1.75715 8.713e-03
0.10950 1.73528 8.713e-03
0.11000 1.75632 8.713e-03
0.11050 1.73523 8.713e-03
0.11100 1.74101 8.713e-03
0.11150 1.73474 8.713e-03
0.11200 1.72688 8.713e-03
0.11250 1.74668 8.713e-03
0.11300 1.72396 8.713e-03
0.11350 1.74465 8.713e-03
0.11400 1.74024 8.713e-03
0.11450 1.75477 8.713e-03
0.11500 1.73841 8.713e-03
0.11550 1.74759 8.713e-03
0.11600 1.74673 8.713e-03
0.11650 1.74544 8.713e-03
0.11700 1.74435 8.713e-03
0.11750 1.74292 8.713e-03
0.11800 1.74741 8.713e-03
0.11850 1.74802 8.713e-03
0.11900 1.73826 8.713e-03
0.11950 1.74719 8.713e-03
0.12000 1.73600 8.713e-03
0.12050 1.73922 8.713e-03
0.12100 1.74780 8.713e-03
0.12150 1.73842 8.713e-03
0.12200 1.75267 8.713e-03
0.12250 1.73761 8.713e-03
0.12300 1.73249 8.713e-03
0.12350 1.74530 8.713e-03
0.12400 1.74435 8.713e-03
0.12450 1.73835 8.713e-03
0.12500 1.74625 8.713e-03
0.12550 1.74377 8.713e-03
0.12600 1.74831 8.713e-03
0.12650 1.74054 8.713e-03
0.12700 1.74941 8.713e-03
0.12750 1.75547 8.713e-03
0.12800 1.75696 8.713e-03
0.12850 1.75113 8.713e-03
0.12900 1.73676 8.713e-03
0.12950 1.74226 8.713e-03
0.13000 1.73985 8.713e-03
0.13050 1.75941 8.713e-03
0.13100 1.75332 8.713e-03
0.13150 1.75351 8.713e-03
0.13200 1.72846 8.713e-03
0.13250 1.74500 8.713e-03
0.13300 1.73717 8.713e-03
0.13350 1.73281 8.713e-03
0.13400 1.74411 8.713e-03
0.13450 1.72991 8.713e-03
0.13500 1.74142 8.713e-03
0.13550 1.75212 8.713e-03
0.13600 1.74791 8.713e-03
0.13650 1.74970 8.713e-03
0.13700 1.73915 8.713e-03
0.13750 1.75050 8.713e-03
0.13800 1.75226 8.713e-03
0.13850 1.74839 8.713e-03
0.13900 1.74523 8.713e-03
0.13950 1.73883 8.713e-03
0.14000 1.75632 8.713e-03
0.14050 1.73973 8.713e-03
0.14100 1.72793 8.713e-03
0.14150 1.74908 8.713e-03
0.14200 1.73917 8.713e-03
0.14250 1.73738 8.713e-03
0.14300 1.73993 8.713e-03
0.14350 1.74505 8.713e-03
0.14400 1.71739 8.713e-03
0.14450 1.72426 8.713e-03
0.14500 1.72148 8.713e-03
0.14550 1.73318 8.713e-03
0.14600 1.74895 8.713e-03
0.14650 1.72829 8.713e-03
0.14700 1.75419 8.713e-03
0.14750 1.73176 8.713e-03
0.14800 1.72338 8.713e-03
0.14850 1.74189 8.713e-03
0.14900 1.75237 8.713e-03
0.14950 1.74835 8.713e-03
0.15000 1.75366 8.713e-03
0.15050 1.75012 8.713e-03
0.15100 1.74756 8.713e-03
0.15150 1.74143 8.713e-03
0.15200 1.73273 8.713e-03
0.15250 1.73787 8.713e-03
0.15300 1.74782 8.713e-03
0.15350 1.75248 8.713e-03
0.15400 1.75565 8.713e-03
0.15450 1.74157 8.713e-03
0.15500 1.75297 8.713e-03
0.15550 1.74247 8.713e-03
0.15600 1.74013 8.713e-03
0.15650 1.73887 8.713e-03
0.15700 1.75440 8.713e-03
0.15750 1.74461 8.713e-03
0.15800 1.74185 8.713e-03
0.15850 1.73965 8.713e-03
0.15900 1.73846 8.713e-03
0.15950 1.74482 8.713e-03
0.16000 1.73032 8.713e-03
0.16050 1.75705 8.713e-03
0.16100 1.72487 8.713e-03
0.16150 1.72252 8.713e-03
0.16200 1.73986 8.713e-03
0.16250 1.75761 8.713e-03
0.16300 1.75882 8.713e-03
0.16350 1.75898 8.713e-03
0.16400 1.72606 8.713e-03
0.16450 1.73911 8.713e-03
0.16500 1.74071 8.713e-03
0.16550 1.74218 8.713e-03
0.16600 1.74212 8.713e-03
0.16650 1.75183 8.713e-03
0.16700 1.75565 8.713e-03
0.16750 1.75089 8.713e-03
0.16800 1.73490 8.713e-03
0.16850 1.74716 8.713e-03
0.16900 1.74981 8.713e-03
0.16950 1.74979 8.713e-03
0.17000 1.75125 8.713e-03
0.17050 1.74815 8.713e-03
0.17100 1.74747 8.713e-03
0.17150 1.73771 8.713e-03
0.17200 1.72047 8.713e-03
0.17250 1.72339 8.713e-03
0.17300 1.75645 8.713e-03
0.17350 1.75432 8.713e-03
0.17400 1.73314 8.713e-03
0.17450 1.73809 8.713e-03
0.17500 1.73411 8.713e-03
0.17550 1.74952 8.713e-03
0.17600 1.73685 8.713e-03
0.17650 1.73588 8.713e-03
0.17700 1.73245 8.713e-03
0.17750 1.74968 8.713e-03
0.17800 1.74311 8.713e-03
0.17850 1.73397 8.713e-03
0.17900 1.73464 8.713e-03
0.17950 1.75588 8.713e-03
0.18000 1.74509 8.713e-03
0.18050 1.72579 8.713e-03
0.18100 1.74245 8.713e-03
0.18150 1.74764 8.713e-03
0.18200 1.73824 8.713e-03
0.18250 1.74575 8.713e-03
0.18300 1.73673 8.713e-03
0.18350 1.74594 8.713e-03
0.18400 1.75379 8.713e-03
0.18450 1.74051 8.713e-03
0.18500 1.73539 8.713e-03
0.18550 1.74274 8.713e-03
0.18600 1.73603 8.713e-03
0.18650 1.74435 8.713e-03
0.18700 1.73582 8.713e-03
0.18750 1.74595 8.713e-03
0.18800 1.74943 8.713e-03
0.18850 1.76014 8.713e-03
0.18900 1.76237 8.713e-03
0.18950 1.73641 8.713e-03
0.19000 1.74881 8.713e-03
0.19050 1.74103 8.713e-03
0.19100 1.74371 8.713e-03
0.19150 1.73120 8.713e-03
0.19200 1.74659 8.713e-03
0.19250 1.75367 8.713e-03
0.19300 1.74084 8.713e-03
0.19350 1.72929 8.713e-03
0.19400 1.73310 8.713e-03
0.19450 1.75510 8.713e-03
0.19500 1.73916 8.713e-03
0.19550 1.75246 8.713e-03
0.19600 1.74303 8.713e-03
0.19650 1.74393 8.713e-03
0.19700 1.74862 8.713e-03
0.19750 1.73627 8.713e-03
0.19800 1.75166 8.713e-03
0.19850 1.75783 8.713e-03
0.19900 1.74086 8.713e-03
0.19950 1.74788 8.713e-03
0.20000 1.76478 8.713e-03
0.20050 1.74163 8.713e-03
0.20100 1.75078 8.713e-03
0.20150 1.73836 8.713e-03
0.20200 1.74034 8.713e-03
0.20250 1.74822 8.713e-03
0.20300 1.74799 8.713e-03
0.20350 1.74803 8.713e-03
0.20400 1.73687 8.713e-03
0.20450 1.74568 8.713e-03
0.20500 1.76026 8.713e-03
0.20550 1.75178 8.713e-03
0.20600 1.74349 8.713e-03
0.20650 1.74076 8.713e-03
0.20700 1.74644 8.713e-03
0.20750 1.77034 8.713e-03
0.20800 1.73775 8.713e-03
0.20850 1.73207 8.713e-03
0.20900 1.75234 8.713e-03
0.20950 1.74119 8.713e-03
0.21000 1.74159 8.713e-03
0.21050 1.73574 8.713e-03
0.21100 1.72327 8.713e-03
0.21150 1.74873 8.713e-03
0.21200 1.74035 8.713e-03
0.21250 1.74304 8.713e-03
0.21300 1.74196 8.713e-03
0.21350 1.74099 8.713e-03
0.21400 1.74777 8.713e-03
0.21450 1.74606 8.713e-03
0.21500 1.73474 8.713e-03
0.21550 1.73977 8.713e-03
0.21600 1.73472 8.713e-03
0.21650 1.74041 8.713e-03
0.21700 1.74005 8.713e-03
0.21750 1.74975 8.713e-03
0.21800 1.73697 8.713e-03
0.21850 1.73606 8.713e-03
0.21900 1.75571 8.713e-03
0.21950 1.73791 8.713e-03
0.22000 1.73650 8.713e-03
0.22050 1.73337 8.713e-03
0.22100 1.73612 8.713e-03
0.22150 1.74127 8.713e-03
0.22200 1.74994 8.713e-03
0.22250 1.74387 8.713e-03
0.22300 1.73873 8.713e-03
0.22350 1.75248 8.713e-03
0.22400 1.75141 8.713e-03
0.22450 1.74172 8.713e-03
0.22500 1.74064 8.713e-03
0.22550 1.74508 8.713e-03
0.22600 1.74590 8.713e-03
0.22650 1.73982 8.713e-03
0.22700 1.73471 8.713e-03
0.22750 1.74752 8.713e-03
0.22800 1.74003 8.713e-03
0.22850 1.74010 8.713e-03
0.22900 1.73777 8.713e-03
0.22950 1.75003 8.713e-03
0.23000 1.72614 8.713e-03
0.23050 1.73601 8.713e-03
0.23100 1.74989 8.713e-03
0.23150 1.74781 8.713e-03
0.23200 1.74550 8.713e-03
0.23250 1.73812 8.713e-03
0.23300 1.75507 8.713e-03
0.23350 1.75902 8.713e-03
0.23400 1.74065 8.713e-03
0.23450 1.72439 8.713e-03
0.23500 1.74021 8.713e-03
0.23550 1.73211 8.713e-03
0.23600 1.73118 8.713e-03
0.23650 1.74001 8.713e-03
0.23700 1.75590 8.713e-03
0.23750 1.75036 8.713e-03
0.23800 1.73366 8.713e-03
0.23850 1.74655 8.713e-03
0.23900 1.74527 8.713e-03
0.23950 1.74630 8.713e-03
0.24000 1.75040 8.713e-03
0.24050 1.75210 8.713e-03
0.24100 1.74737 8.713e-03
0.24150 1.74954 8.713e-03
0.24200 1.75322 8.713e-03
0.24250 1.74033 8.713e-03
0.24300 1.74936 8.713e-03
0.24350 1.73294 8.713e-03
0.24400 1.73037 8.713e-03
0.24450 1.73954 8.713e-03
0.24500 1.74856 8.713e-03
0.24550 1.74708 8.713e-03
0.24600 1.74241 8.713e-03
0.24650 1.74192 8.713e-03
0.24700 1.75156 8.713e-03
0.24750 1.74162 8.713e-03
0.24800 1.75126 8.713e-03
0.24850 1.74917 8.713e-03
0.24900 1.75877 8.713e-03
0.24950 1.73625 8.713e-03
0.25000 1.74284 8.713e-03
0.25050 1.72773 8.713e-03
0.25100 1.73813 8.713e-03
0.25150 1.74224 8.713e-03
0.25200 1.74598 8.713e-03
0.25250 1.73116 8.713e-03
0.25300 1.73209 8.713e-03
0.25350 1.75291 8.713e-03
0.25400 1.73343 8.713e-03
0.25450 1.73970 8.713e-03
0.25500 1.74706 8.713e-03
0.25550 1.73665 8.713e-03
0.25600 1.73088 8.713e-03
0.25650 1.73125 8.713e-03
0.25700 1.74734 8.713e-03
0.25750 1.74635 8.713e-03
0.25800 1.73203 8.713e-03
0.25850 1.75258 8.713e-03
0.25900 1.74411 8.713e-03
0.25950 1.72472 8.713e-03
0.26000 1.74399 8.713e-03
0.26050 1.73332 8.713e-03
0.26100 1.75327 8.713e-03
0.26150 1.73049 8.713e-03
0.26200 1.73232 8.713e-03
0.26250 1.74494 8.713e-03
0.26300 1.74139 8.713e-03
0.26350 1.74761 8.713e-03
0.26400 1.75731 8.713e-03
0.26450 1.73536 8.713e-03
0.26500 1.75932 8.713e-03
0.26550 1.75553 8.713e-03
0.26600 1.74877 8.713e-03
0.26650 1.74766 8.713e-03
0.26700 1.72742 8.713e-03
0.26750 1.74081 8.713e-03
0.26800 1.73534 8.713e-03
0.26850 1.73992 8.713e-03
0.26900 1.74149 8.713e-03
0.26950 1.74603 8.713e-03
0.27000 1.75901 8.713e-03
0.27050 1.74645 8.713e-03
0.27100 1.72520 8.713e-03
0.27150 1.73698 8.713e-03
0.27200 1.74249 8.713e-03
0.27250 1.75138 8.713e-03
0.27300 1.74076 8.713e-03
0.27350 1.73825 8.713e-03
0.27400 1.73874 8.713e-03
0.27450 1.74695 8.713e-03
0.27500 1.74621 8.713e-03
0.27550 1.73149 8.713e-03
0.27600 1.74419 8.713e-03
0.27650 1.74131 8.713e-03
0.27700 1.74107 8.713e-03
0.27750 1.74549 8.713e-03
0.27800 1.75032 8.713e-03
0.27850 1.75382 8.713e-03
0.27900 1.74568 8.713e-03
0.27950 1.73598 8.713e-03
0.28000 1.74236 8.713e-03
0.28050 1.73114 8.713e-03
0.28100 1.73224 8.713e-03
0.28150 1.74255 8.713e-03
0.28200 1.74553 8.713e-03
0.28250 1.74194 8.713e-03
0.28300 1.74178 8.713e-03
0.28350 1.75002 8.713e-03
0.28400 1.74063 8.713e-03
0.28450 1.72854 8.713e-03
0.28500 1.73057 8.713e-03
0.28550 1.74983 8.713e-03
0.28600 1.74745 8.713e-03
0.28650 1.72635 8.713e-03
0.28700 1.74580 8.713e-03
0.28750 1.74724 8.713e-03
0.28800 1.73661 8.713e-03
0.28850 1.75283 8.713e-03
0.28900 1.72699 8.713e-03
0.28950 1.72032 8.713e-03
0.29000 1.72140 8.713e-03
0.29050 1.74079 8.713e-03
0.29100 1.75169 8.713e-03
0.29150 1.74842 8.713e-03
0.29200 1.73093 8.713e-03
0.29250 1.73545 8.713e-03
0.29300 1.73018 8.713e-03
0.29350 1.74341 8.713e-03
0.29400 1.73422 8.713e-03
0.29450 1.75331 8.713e-03
0.29500 1.73597 8.713e-03
0.29550 1.73460 8.713e-03
0.29600 1.73198 8.713e-03
0.29650 1.74473 8.713e-03
0.29700 1.75239 8.713e-03
0.29750 1.74325 8.713e-03
0.29800 1.72955 8.713e-03
0.29850 1.74254 8.713e-03
0.29900 1.74725 8.713e-03
0.29950 1.74247 8.713e-03
0.30000 1.73804 8.713e-03
0.30050 1.73796 8.713e-03
0.30100 1.73960 8.713e-03
0.30150 1.73454 8.713e-03
0.30200 1.73483 8.713e-03
0.30250 1.73504 8.713e-03
0.30300 1.75549 8.713e-03
0.30350 1.73902 8.713e-03
0.30400 1.74736 8.713e-03
0.30450 1.73893 8.713e-03
0.30500 1.74322 8.713e-03
0.30550 1.75211 8.713e-03
0.30600 1.74290 8.713e-03
0.30650 1.73277 8.713e-03
0.30700 1.76186 8.713e-03
0.30750 1.73765 8.713e-03
0.30800 1.73041 8.713e-03
0.30850 1.76646 8.713e-03
0.30900 1.73820 8.713e-03
0.30950 1.74396 8.713e-03
0.31000 1.73911 8.713e-03
0.31050 1.73535 8.713e-03
0.31100 1.74151 8.713e-03
0.31150 1.74494 8.713e-03
0.31200 1.74383 8.713e-03
0.31250 1.75364 8.713e-03
0.31300 1.73019 8.713e-03
0.31350 1.74004 8.713e-03
0.31400 1.73964 8.713e-03
0.31450 1.74885 8.713e-03
0.31500 1.75023 8.713e-03
0.31550 1.73210 8.713e-03
0.31600 1.74909 8.713e-03
0.31650 1.73258 8.713e-03
0.31700 1.74356 8.713e-03
0.31750 1.74962 8.713e-03
0.31800 1.76953 8.713e-03
0.31850 1.73771 8.713e-03
0.31900 1.74303 8.713e-03
0.31950 1.75697 8.713e-03
0.32000 1.73109 8.713e-03
0.32050 1.74061 8.713e-03
0.32100 1.74356 8.713e-03
0.32150 1.74339 8.713e-03
0.32200 1.74128 8.713e-03
0.32250 1.74609 8.713e-03
0.32300 1.75375 8.713e-03
0.32350 1.74656 8.713e-03
0.32400 1.74797 8.713e-03
0.32450 1.74115 8.713e-03
0.32500 1.74670 8.713e-03
0.32550 1.73668 8.713e-03
0.32600 1.74860 8.713e-03
0.32650 1.73619 8.713e-03
0.32700 1.74515 8.713e-03
0.32750 1.73603 8.713e-03
0.32800 1.73805 8.713e-03
0.32850 1.73265 8.713e-03
0.32900 1.74251 8.713e-03
0.32950 1.73948 8.713e-03
0.33000 1.73760 8.713e-03
0.33050 1.74624 8.713e-03
0.33100 1.76044 8.713e-03
0.33150 1.73349 8.713e-03
0.33200 1.74511 8.713e-03
0.33250 1.73547 8.713e-03
0.33300 1.74580 8.713e-03
0.33350 1.74771 8.713e-03
0.33400 1.75824 8.713e-03
0.33450 1.73225 8.713e-03
0.33500 1.73339 8.713e-03
0.33550 1.73860 8.713e-03
0.33600 1.73331 8.713e-03
0.33650 1.75321 8.713e-03
0.33700 1.75030 8.713e-03
0.33750 1.73232 8.713e-03
0.33800 1.73562 8.713e-03
0.33850 1.72518 8.713e-03
0.33900 1.74324 8.713e-03
0.33950 1.74546 8.713e-03
0.34000 1.74522 8.713e-03
0.34050 1.74906 8.713e-03
0.34100 1.74265 8.713e-03
0.34150 1.75692 8.713e-03
0.34200 1.73130 8.713e-03
0.34250 1.75349 8.713e-03
0.34300 1.75314 8.713e-03
0.34350 1.74875 8.713e-03
0.34400 1.75010 8.713e-03
0.34450 1.73225 8.713e-03
0.34500 1.73916 8.713e-03
0.34550 1.74881 8.713e-03
0.34600 1.75146 8.713e-03
0.34650 1.73836 8.713e-03
0.34700 1.74033 8.713e-03
0.34750 1.72610 8.713e-03
0.34800 1.74179 8.713e-03
0.34850 1.74023 8.713e-03
0.34900 1.73707 8.713e-03
0.34950 1.73762 8.713e-03
0.35000 1.73809 8.713e-03
0.35050 1.73865 8.713e-03
0.35100 1.74472 8.713e-03
0.35150 1.74398 8.713e-03
0.35200 1.73070 8.713e-03
0.35250 1.74453 8.713e-03
0.35300 1.75513 8.713e-03
0.35350 1.74635 8.713e-03
0.35400 1.73925 8.713e-03
0.35450 1.72922 8.713e-03
0.35500 1.74594 8.713e-03
0.35550 1.74918 8.713e-03
0.35600 1.73870 8.713e-03
0.35650 1.74208 8.713e-03
0.35700 1.73164 8.713e-03
0.35750 1.73613 8.713e-03
0.35800 1.74654 8.713e-03
0.35850 1.75958 8.713e-03
0.35900 1.74835 8.713e-03
0.35950 1.75411 8.713e-03
0.36000 1.74288 8.713e-03
0.36050 1.75423 8.713e-03
0.36100 1.76444 8.713e-03
0.36150 1.74698 8.713e-03
0.36200 1.74954 8.713e-03
0.36250 1.75591 8.713e-03
0.36300 1.73954 8.713e-03
0.36350 1.74384 8.713e-03
0.36400 1.74461 8.713e-03
0.36450 1.74740 8.713e-03
0.36500 1.74140 8.713e-03
0.36550 1.74378 8.713e-03
0.36600 1.75945 8.713e-03
0.36650 1.74702 8.713e-03
0.36700 1.74459 8.713e-03
0.36750 1.75100 8.713e-03
0.36800 1.73365 8.713e-03
0.36850 1.74897 8.713e-03
0.36900 1.74153 8.713e-03
0.36950 1.74856 8.713e-03
0.37000 1.74454 8.713e-03
0.37050 1.74557 8.713e-03
0.37100 1.73344 8.713e-03
0.37150 1.72769 8.713e-03
0.37200 1.73931 8.713e-03
0.37250 1.74196 8.713e-03
0.37300 1.74346 8.713e-03
0.37350 1.75642 8.713e-03
0.37400 1.73625 8.713e-03
0.37450 1.75010 8.713e-03
0.37500 1.74001 8.713e-03
0.37550 1.75215 8.713e-03
0.37600 1.74714 8.713e-03
0.37650 1.73571 8.713e-03
0.37700 1.76021 8.713e-03
0.37750 1.73845 8.713e-03
0.37800 1.74109 8.713e-03
0.37850 1.74066 8.713e-03
0.37900 1.73929 8.713e-03
0.37950 1.74717 8.713e-03
0.38000 1.73755 8.713e-03
0.38050 1.74923 8.713e-03
0.38100 1.73307 8.713e-03
0.38150 1.75283 8.713e-03
0.38200 1.73540 8.713e-03
0.38250 1.75501 8.713e-03
0.38300 1.74457 8.713e-03
0.38350 1.72796 8.713e-03
0.38400 1.75002 8.713e-03
0.38450 1.74942 8.713e-03
0.38500 1.73170 8.713e-03
0.38550 1.73976 8.713e-03
0.38600 1.74510 8.713e-03
0.38650 1.73418 8.713e-03
0.38700 1.72561 8.713e-03
0.38750 1.74188 8.713e-03
0.38800 1.74319 8.713e-03
0.38850 1.74959 8.713e-03
0.38900 1.73223 8.713e-03
0.38950 1.74755 8.713e-03
0.39000 1.73338 8.713e-03
0.39050 1.75183 8.713e-03
0.39100 1.74302 8.713e-03
0.39150 1.73675 8.713e-03
0.39200 1.75037 8.713e-03
0.39250 1.73217 8.713e-03
0.39300 1.73722 8.713e-03
0.39350 1.75042 8.713e-03
0.39400 1.72716 8.713e-03
0.39450 1.75469 8.713e-03
0.39500 1.72574 8.713e-03
0.39550 1.75568 8.713e-03
0.39600 1.73538 8.713e-03
0.39650 1.72010 8.713e-03
0.39700 1.75636 8.713e-03
0.39750 1.74466 8.713e-03
0.39800 1.73598 8.713e-03
0.39850 1.74882 8.713e-03
0.39900 1.74554 8.713e-03
0.39950 1.76222 8.713e-03
0.40000 1.73848 8.713e-03
0.40050 1.73876 8.713e-03
0.40100 1.75191 8.713e-03
0.40150 1.74168 8.713e-03
0.40200 1.75048 8.713e-03
0.40250 1.73491 8.713e-03
0.40300 1.74170 8.713e-03
0.40350 1.73875 8.713e-03
0.40400 1.75331 8.713e-03
0.40450 1.74143 8.713e-03
0.40500 1.75509 8.713e-03
0.40550 1.74349 8.713e-03
0.40600 1.73881 8.713e-03
0.40650 1.76135 8.713e-03
0.40700 1.75176 8.713e-03
0.40750 1.73685 8.713e-03
0.40800 1.73450 8.713e-03
0.40850 1.74987 8.713e-03
0.40900 1.73240 8.713e-03
0.40950 1.74950 8.713e-03
0.41000 1.73819 8.713e-03
0.41050 1.75230 8.713e-03
0.41100 1.74367 8.713e-03
0.41150 1.74608 8.713e-03
0.41200 1.75359 8.713e-03
0.41250 1.73887 8.713e-03
0.41300 1.73375 8.713e-03
0.41350 1.73740 8.713e-03
0.41400 1.73981 8.713e-03
0.41450 1.74508 8.713e-03
0.41500 1.73695 8.713e-03
0.41550 1.73605 8.713e-03
0.41600 1.73107 8.713e-03
0.41650 1.74256 8.713e-03
0.41700 1.72346 8.713e-03
0.41750 1.72200 8.713e-03
0.41800 1.73222 8.713e-03
0.41850 1.74158 8.713e-03
0.41900 1.74102 8.713e-03
0.41950 1.73429 8.713e-03
0.42000 1.73911 8.713e-03
0.42050 1.75360 8.713e-03
0.42100 1.73791 8.713e-03
0.42150 1.74011 8.713e-03
0.42200 1.73521 8.713e-03
0.42250 1.73963 8.713e-03
0.42300 1.74547 8.713e-03
0.42350 1.73555 8.713e-03
0.42400 1.73539 8.713e-03
0.42450 1.73750 8.713e-03
0.42500 1.73958 8.713e-03
0.42550 1.72288 8.713e-03
0.42600 1.73184 8.713e-03
0.42650 1.75357 8.713e-03
0.42700 1.74797 8.713e-03
0.42750 1.73257 8.713e-03
0.42800 1.74062 8.713e-03
0.42850 1.75166 8.713e-03
0.42900 1.73407 8.713e-03
0.42950 1.75255 8.713e-03
0.43000 1.76254 8.713e-03
0.43050 1.74398 8.713e-03
0.43100 1.73732 8.713e-03
0.43150 1.73973 8.713e-03
0.43200 1.74784 8.713e-03
0.43250 1.73704 8.713e-03
0.43300 1.73974 8.713e-03
0.43350 1.73850 8.713e-03
0.43400 1.72545 8.713e-03
0.43450 1.73783 8.713e-03
0.43500 1.73116 8.713e-03
0.43550 1.73788 8.713e-03
0.43600 1.74594 8.713e-03
0.43650 1.72118 8.713e-03
0.43700 1.73865 8.713e-03
0.43750 1.75217 8.713e-03
0.43800 1.72483 8.713e-03
0.43850 1.73294 8.713e-03
0.43900 1.72356 8.713e-03
0.43950 1.72159 8.713e-03
0.44000 1.73914 8.713e-03
0.44050 1.72024 8.713e-03
0.44100 1.71902 8.713e-03
0.44150 1.72900 8.713e-03
0.44200 1.71880 8.713e-03
0.44250 1.72351 8.713e-03
0.44300 1.72436 8.713e-03
0.44350 1.73505 8.713e-03
0.44400 1.72479 8.713e-03
0.44450 1.69850 8.713e-03
0.44500 1.70512 8.713e-03
0.44550 1.72588 8.713e-03
0.44600 1.72561 8.713e-03
0.44650 1.71645 8.713e-03
0.44700 1.70836 8.713e-03
0.44750 1.71397 8.713e-03
0.44800 1.70584 8.713e-03
0.44850 1.70681 8.713e-03
0.44900 1.69783 8.713e-03
0.44950 1.70472 8.713e-03
0.45000 1.69385 8.713e-03
0.45050 1.69296 8.713e-03
0.45100 1.70597 8.713e-03
0.45150 1.68275 8.713e-03
0.45200 1.68771 8.713e-03
0.45250 1.69948 8.713e-03
0.45300 1.70297 8.713e-03
0.45350 1.69761 8.713e-03
0.45400 1.67567 8.713e-03
0.45450 1.69237 8.713e-03
0.45500 1.68294 8.713e-03
0.45550 1.67750 8.713e-03
0.45600 1.67312 8.713e-03
0.45650 1.68863 8.713e-03
0.45700 1.66806 8.713e-03
0.45750 1.67557 8.713e-03
0.45800 1.65726 8.713e-03
0.45850 1.67558 8.713e-03
0.45900 1.66945 8.713e-03
0.45950 1.66032 8.713e-03
0.46000 1.66296 8.713e-03
0.46050 1.66887 8.713e-03
0.46100 1.67229 8.713e-03
0.46150 1.66142 8.713e-03
0.46200 1.65918 8.713e-03
0.46250 1.65745 8.713e-03
0.46300 1.65202 8.713e-03
0.46350 1.65620 8.713e-03
0.46400 1.64598 8.713e-03
0.46450 1.65304 8.713e-03
0.46500 1.64081 8.713e-03
0.46550 1.63848 8.713e-03
0.46600 1.64631 8.713e-03
0.46650 1.64986 8.713e-03
0.46700 1.61999 8.713e-03
0.46750 1.61712 8.713e-03
0.46800 1.64961 8.713e-03
0.46850 1.63736 8.713e-03
0.46900 1.62220 8.713e-03
0.46950 1.61727 8.713e-03
0.47000 1.62139 8.713e-03
0.47050 1.59832 8.713e-03
0.47100 1.61198 8.713e-03
0.47150 1.62160 8.713e-03
0.47200 1.61848 8.713e-03
0.47250 1.61824 8.713e-03
0.47300 1.59839 8.713e-03
0.47350 1.60767 8.713e-03
0.47400 1.62113 8.713e-03
0.47450 1.59229 8.713e-03
0.47500 1.60268 8.713e-03
0.47550 1.61797 8.713e-03
0.47600 1.59879 8.713e-03
0.47650 1.60036 8.713e-03
0.47700 1.60004 8.713e-03
0.47750 1.60180 8.713e-03
0.47800 1.60707 8.713e-03
0.47850 1.57909 8.713e-03
0.47900 1.58891 8.713e-03
0.47950 1.59798 8.713e-03
0.48000 1.58546 8.713e-03
0.48050 1.58257 8.713e-03
0.48100 1.57201 8.713e-03
0.48150 1.56912 8.713e-03
0.48200 1.56515 8.713e-03
0.48250 1.56641 8.713e-03
0.48300 1.55967 8.713e-03
0.48350 1.55855 8.713e-03
0.48400 1.55205 8.713e-03
0.48450 1.56222 8.713e-03
0.48500 1.53539 8.713e-03
0.48550 1.55983 8.713e-03
0.48600 1.55251 8.713e-03
0.48650 1.54372 8.713e-03
0.48700 1.53330 8.713e-03
0.48750 1.56172 8.713e-03
0.48800 1.54136 8.713e-03
0.48850 1.54293 8.713e-03
0.48900 1.53781 8.713e-03
0.48950 1.53497 8.713e-03
0.49000 1.53152 8.713e-03
0.49050 1.53293 8.713e-03
0.49100 1.52919 8.713e-03
0.49150 1.54381 8.713e-03
0.49200 1.53488 8.713e-03
0.49250 1.53667 8.713e-03
0.49300 1.52865 8.713e-03
0.49350 1.51278 8.713e-03
0.49400 1.51024 8.713e-03
0.49450 1.51415 8.713e-03
0.49500 1.52615 8.713e-03
0.49550 1.52643 8.713e-03
0.49600 1.52129 8.713e-03
0.49650 1.52673 8.713e-03
0.49700 1.51402 8.713e-03
0.49750 1.51730 8.713e-03
0.49800 1.51627 8.713e-03
0.49850 1.52674 8.713e-03
0.49900 1.52453 8.713e-03
0.49950 1.52897 8.713e-03
0.50000 1.54319 8.713e-03
0.50050 1.51462 8.713e-03
0.50100 1.51367 8.713e-03
0.50150 1.52437 8.713e-03
0.50200 1.51644 8.713e-03
0.50250 1.52126 8.713e-03
0.50300 1.52218 8.713e-03
0.50350 1.51519 8.713e-03
0.50400 1.53277 8.713e-03
0.50450 1.52614 8.713e-03
0.50500 1.52630 8.713e-03
0.50550 1.51096 8.713e-03
0.50600 1.53399 8.713e-03
0.50650 1.51361 8.713e-03
0.50700 1.52402 8.713e-03
0.50750 1.51567 8.713e-03
0.50800 1.51796 8.713e-03
0.50850 1.53222 8.713e-03
0.50900 1.52993 8.713e-03
0.50950 1.52949 8.713e-03
0.51000 1.55255 8.713e-03
0.51050 1.53170 8.713e-03
0.51100 1.54508 8.713e-03
0.51150 1.55287 8.713e-03
0.51200 1.55974 8.713e-03
0.51250 1.53174 8.713e-03
0.51300 1.53533 8.713e-03
0.51350 1.57133 8.713e-03
0.51400 1.54194 8.713e-03
0.51450 1.54563 8.713e-03
0.51500 1.56194 8.713e-03
0.51550 1.55211 8.713e-03
0.51600 1.53915 8.713e-03
0.51650 1.55791 8.713e-03
0.51700 1.57931 8.713e-03
0.51750 1.56761 8.713e-03
0.51800 1.57457 8.713e-03
0.51850 1.57005 8.713e-03
0.51900 1.57690 8.713e-03
0.51950 1.57966 8.713e-03
0.52000 1.58262 8.713e-03
0.52050 1.56596 8.713e-03
0.52100 1.60347 8.713e-03
0.52150 1.57191 8.713e-03
0.52200 1.57878 8.713e-03
0.52250 1.58061 8.713e-03
0.52300 1.59599 8.713e-03
0.52350 1.60304 8.713e-03
0.52400 1.59136 8.713e-03
0.52450 1.59556 8.713e-03
0.52500 1.60107 8.713e-03
0.52550 1.60573 8.713e-03
0.52600 1.61675 8.713e-03
0.52650 1.60161 8.713e-03
0.52700 1.58545 8.713e-03
0.52750 1.61484 8.713e-03
0.52800 1.60935 8.713e-03
0.52850 1.62904 8.713e-03
0.52900 1.59606 8.713e-03
0.52950 1.61318 8.713e-03
0.53000 1.62915 8.713e-03
0.53050 1.63217 8.713e-03
0.53100 1.63230 8.713e-03
0.53150 1.62656 8.713e-03
0.53200 1.63372 8.713e-03
0.53250 1.62206 8.713e-03
0.53300 1.64109 8.713e-03
0.53350 1.62837 8.713e-03
0.53400 1.63077 8.713e-03
0.53450 1.64290 8.713e-03
0.53500 1.64862 8.713e-03
0.53550 1.62449 8.713e-03
0.53600 1.63790 8.713e-03
0.53650 1.65073 8.713e-03
0.53700 1.64887 8.713e-03
0.53750 1.65024 8.713e-03
0.53800 1.65601 8.713e-03
0.53850 1.64336 8.713e-03
0.53900 1.65990 8.713e-03
0.53950 1.66796 8.713e-03
0.54000 1.66419 8.713e-03
0.54050 1.66575 8.713e-03
0.54100 1.65266 8.713e-03
0.54150 1.66363 8.713e-03
0.54200 1.67863 8.713e-03
0.54250 1.67811 8.713e-03
0.54300 1.68777 8.713e-03
0.54350 1.67575 8.713e-03
0.54400 1.67398 8.713e-03
0.54450 1.67469 8.713e-03
0.54500 1.70691 8.713e-03
0.54550 1.69483 8.713e-03
0.54600 1.69012 8.713e-03
0.54650 1.68449 8.713e-03
0.54700 1.68932 8.713e-03
0.54750 1.69552 8.713e-03
0.54800 1.69291 8.713e-03
0.54850 1.70063 8.713e-03
0.54900 1.71322 8.713e-03
0.54950 1.69308 8.713e-03
0.55000 1.69374 8.713e-03
0.55050 1.70091 8.713e-03
0.55100 1.71603 8.713e-03
0.55150 1.69259 8.713e-03
0.55200 1.69573 8.713e-03
0.55250 1.71632 8.713e-03
0.55300 1.71138 8.713e-03
0.55350 1.70068 8.713e-03
0.55400 1.70977 8.713e-03
0.55450 1.71883 8.713e-03
0.55500 1.71237 8.713e-03
0.55550 1.71739 8.713e-03
0.55600 1.73179 8.713e-03
0.55650 1.71190 8.713e-03
0.55700 1.71602 8.713e-03
0.55750 1.71224 8.713e-03
0.55800 1.72160 8.713e-03
0.55850 1.71687 8.713e-03
0.55900 1.73374 8.713e-03
0.55950 1.72729 8.713e-03
0.56000 1.72131 8.713e-03
0.56050 1.72277 8.713e-03
0.56100 1.71772 8.713e-03
0.56150 1.72454 8.713e-03
0.56200 1.74158 8.713e-03
0.56250 1.71810 8.713e-03
0.56300 1.74403 8.713e-03
0.56350 1.73987 8.713e-03
0.56400 1.72912 8.713e-03
0.56450 1.73907 8.713e-03
0.56500 1.74259 8.713e-03
0.56550 1.74437 8.713e-03
0.56600 1.75178 8.713e-03
0.56650 1.74463 8.713e-03
0.56700 1.74737 8.713e-03
0.56750 1.75326 8.713e-03
0.56800 1.75630 8.713e-03
0.56850 1.73697 8.713e-03
0.56900 1.75688 8.713e-03
0.56950 1.74164 8.713e-03
0.57000 1.75378 8.713e-03
0.57050 1.74665 8.713e-03
0.57100 1.72794 8.713e-03
0.57150 1.74002 8.713e-03
0.57200 1.73899 8.713e-03
0.57250 1.74200 8.713e-03
0.57300 1.76001 8.713e-03
0.57350 1.74969 8.713e-03
0.57400 1.73309 8.713e-03
0.57450 1.75362 8.713e-03
0.57500 1.74610 8.713e-03
0.57550 1.74840 8.713e-03
0.57600 1.73609 8.713e-03
0.57650 1.74499 8.713e-03
0.57700 1.74461 8.713e-03
0.57750 1.73779 8.713e-03
0.57800 1.73817 8.713e-03
0.57850 1.75515 8.713e-03
0.57900 1.73701 8.713e-03
0.57950 1.75567 8.713e-03
0.58000 1.73223 8.713e-03
0.58050 1.73527 8.713e-03
0.58100 1.74147 8.713e-03
0.58150 1.73619 8.713e-03
0.58200 1.75215 8.713e-03
0.58250 1.73016 8.713e-03
0.58300 1.74562 8.713e-03
0.58350 1.74739 8.713e-03
0.58400 1.74916 8.713e-03
0.58450 1.73229 8.713e-03
0.58500 1.75239 8.713e-03
0.58550 1.74871 8.713e-03
0.58600 1.75065 8.713e-03
0.58650 1.73933 8.713e-03
0.58700 1.74847 8.713e-03
0.58750 1.74996 8.713e-03
0.58800 1.73319 8.713e-03
0.58850 1.74185 8.713e-03
0.58900 1.74801 8.713e-03
0.58950 1.74139 8.713e-03
0.59000 1.74254 8.713e-03
0.59050 1.74778 8.713e-03
0.59100 1.73441 8.713e-03
0.59150 1.74026 8.713e-03
0.59200 1.74591 8.713e-03
0.59250 1.74603 8.713e-03
0.59300 1.73932 8.713e-03
0.59350 1.73608 8.713e-03
0.59400 1.74587 8.713e-03
0.59450 1.75655 8.713e-03
0.59500 1.74389 8.713e-03
0.59550 1.75120 8.713e-03
0.59600 1.72214 8.713e-03
0.59650 1.73523 8.713e-03
0.59700 1.72660 8.713e-03
0.59750 1.75115 8.713e-03
0.59800 1.75267 8.713e-03
0.59850 1.74357 8.713e-03
0.59900 1.75005 8.713e-03
0.59950 1.74380 8.713e-03
0.60000 1.75864 8.713e-03
0.60050 1.75560 8.713e-03
0.60100 1.74182 8.713e-03
0.60150 1.71832 8.713e-03
0.60200 1.74019 8.713e-03
0.60250 1.74917 8.713e-03
0.60300 1.74669 8.713e-03
0.60350 1.73935 8.713e-03
0.60400 1.74165 8.713e-03
0.60450 1.73606 8.713e-03
0.60500 1.75187 8.713e-03
0.60550 1.73633 8.713e-03
0.60600 1.73093 8.713e-03
0.60650 1.73688 8.713e-03
0.60700 1.75151 8.713e-03
0.60750 1.74849 8.713e-03
0.60800 1.72759 8.713e-03
0.60850 1.71666 8.713e-03
0.60900 1.73504 8.713e-03
0.60950 1.73732 8.713e-03
0.61000 1.72918 8.713e-03
0.61050 1.73881 8.713e-03
0.61100 1.73887 8.713e-03
0.61150 1.74476 8.713e-03
0.61200 1.73426 8.713e-03
0.61250 1.73703 8.713e-03
0.61300 1.75165 8.713e-03
0.61350 1.75142 8.713e-03
0.61400 1.73916 8.713e-03
0.61450 1.73280 8.713e-03
0.61500 1.74656 8.713e-03
0.61550 1.74776 8.713e-03
0.61600 1.74590 8.713e-03
0.61650 1.73959 8.713e-03
0.61700 1.74465 8.713e-03
0.61750 1.74317 8.713e-03
0.61800 1.75851 8.713e-03
0.61850 1.74408 8.713e-03
0.61900 1.74276 8.713e-03
0.61950 1.74024 8.713e-03
0.62000 1.73596 8.713e-03
0.62050 1.73587 8.713e-03
0.62100 1.74243 8.713e-03
0.62150 1.73055 8.713e-03
0.62200 1.72602 8.713e-03
0.62250 1.74562 8.713e-03
0.62300 1.75096 8.713e-03
0.62350 1.73897 8.713e-03
0.62400 1.75553 8.713e-03
0.62450 1.74246 8.713e-03
0.62500 1.74246 8.713e-03
0.62550 1.74993 8.713e-03
0.62600 1.74195 8.713e-03
0.62650 1.73550 8.713e-03
0.62700 1.73540 8.713e-03
0.62750 1.74024 8.713e-03
0.62800 1.72142 8.713e-03
0.62850 1.75190 8.713e-03
0.62900 1.75470 8.713e-03
0.62950 1.75009 8.713e-03
0.63000 1.72380 8.713e-03
0.63050 1.74002 8.713e-03
0.63100 1.75653 8.713e-03
0.63150 1.74366 8.713e-03
0.63200 1.74010 8.713e-03
0.63250 1.74007 8.713e-03
0.63300 1.73548 8.713e-03
0.63350 1.75713 8.713e-03
0.63400 1.75130 8.713e-03
0.63450 1.73587 8.713e-03
0.63500 1.74133 8.713e-03
0.63550 1.73721 8.713e-03
0.63600 1.73383 8.713e-03
0.63650 1.73453 8.713e-03
0.63700 1.75559 8.713e-03
0.63750 1.74943 8.713e-03
0.63800 1.73702 8.713e-03
0.63850 1.73544 8.713e-03
0.63900 1.73851 8.713e-03
0.63950 1.73068 8.713e-03
0.64000 1.74446 8.713e-03
0.64050 1.74484 8.713e-03
0.64100 1.75430 8.713e-03
0.64150 1.74121 8.713e-03
0.64200 1.73645 8.713e-03
0.64250 1.75425 8.713e-03
0.64300 1.74943 8.713e-03
0.64350 1.73590 8.713e-03
0.64400 1.74651 8.713e-03
0.64450 1.72287 8.713e-03
0.64500 1.75190 8.713e-03
0.64550 1.73888 8.713e-03
0.64600 1.74980 8.713e-03
0.64650 1.75450 8.713e-03
0.64700 1.72420 8.713e-03
0.64750 1.73243 8.713e-03
0.64800 1.73528 8.713e-03
0.64850 1.71840 8.713e-03
0.64900 1.75290 8.713e-03
0.64950 1.75078 8.713e-03
0.65000 1.74174 8.713e-03
0.65050 1.74168 8.713e-03
0.65100 1.74536 8.713e-03
0.65150 1.74652 8.713e-03
0.65200 1.75605 8.713e-03
0.65250 1.75198 8.713e-03
0.65300 1.76832 8.713e-03
0.65350 1.74647 8.713e-03
0.65400 1.72266 8.713e-03
0.65450 1.74573 8.713e-03
0.65500 1.73990 8.713e-03
0.65550 1.74492 8.713e-03
0.65600 1.75324 8.713e-03
0.65650 1.74749 8.713e-03
0.65700 1.75142 8.713e-03
0.65750 1.73857 8.713e-03
0.65800 1.75759 8.713e-03
0.65850 1.74318 8.713e-03
0.65900 1.74488 8.713e-03
0.65950 1.73258 8.713e-03
0.66000 1.74534 8.713e-03
0.66050 1.73404 8.713e-03
0.66100 1.73234 8.713e-03
0.66150 1.72942 8.713e-03
0.66200 1.74523 8.713e-03
0.66250 1.74590 8.713e-03
0.66300 1.73622 8.713e-03
0.66350 1.72964 8.713e-03
0.66400 1.74597 8.713e-03
0.66450 1.72803 8.713e-03
0.66500 1.73815 8.713e-03
0.66550 1.75177 8.713e-03
0.66600 1.74616 8.713e-03
0.66650 1.75778 8.713e-03
0.66700 1.74528 8.713e-03
0.66750 1.74420 8.713e-03
0.66800 1.74098 8.713e-03
0.66850 1.75170 8.713e-03
0.66900 1.74390 8.713e-03
0.66950 1.74836 8.713e-03
0.67000 1.74452 8.713e-03
0.67050 1.74495 8.713e-03
0.67100 1.75539 8.713e-03
0.67150 1.74534 8.713e-03
0.67200 1.75607 8.713e-03
0.67250 1.75507 8.713e-03
0.67300 1.73984 8.713e-03
0.67350 1.74338 8.713e-03
0.67400 1.74473 8.713e-03
0.67450 1.74645 8.713e-03
0.67500 1.74375 8.713e-03
0.67550 1.73909 8.713e-03
0.67600 1.72977 8.713e-03
0.67650 1.73778 8.713e-03
0.67700 1.75503 8.713e-03
0.67750 1.74144 8.713e-03
0.67800 1.71934 8.713e-03
0.67850 1.73229 8.713e-03
0.67900 1.74597 8.713e-03
0.67950 1.73718 8.713e-03
0.68000 1.73953 8.713e-03
0.68050 1.73774 8.713e-03
0.68100 1.73555 8.713e-03
0.68150 1.72893 8.713e-03
0.68200 1.73934 8.713e-03
0.68250 1.73930 8.713e-03
0.68300 1.74185 8.713e-03
0.68350 1.74604 8.713e-03
0.68400 1.73532 8.713e-03
0.68450 1.75077 8.713e-03
0.68500 1.72808 8.713e-03
0.68550 1.74310 8.713e-03
0.68600 1.74118 8.713e-03
0.68650 1.73493 8.713e-03
0.68700 1.73937 8.713e-03
0.68750 1.75445 8.713e-03
0.68800 1.74023 8.713e-03
0.68850 1.74270 8.713e-03
0.68900 1.74845 8.713e-03
0.68950 1.74793 8.713e-03
0.69000 1.74898 8.713e-03
0.69050 1.72656 8.713e-03
0.69100 1.75638 8.713e-03
0.69150 1.74629 8.713e-03
0.69200 1.74775 8.713e-03
0.69250 1.74200 8.713e-03
0.69300 1.74946 8.713e-03
0.69350 1.72916 8.713e-03
0.69400 1.74694 8.713e-03
0.69450 1.74904 8.713e-03
0.69500 1.75053 8.713e-03
0.69550 1.74972 8.713e-03
0.69600 1.73726 8.713e-03
0.69650 1.75133 8.713e-03
0.69700 1.74079 8.713e-03
0.69750 1.72798 8.713e-03
0.69800 1.73854 8.713e-03
0.69850 1.73357 8.713e-03
0.69900 1.73836 8.713e-03
0.69950 1.75048 8.713e-03
0.70000 1.76865 8.713e-03
0.70050 1.73830 8.713e-03
0.70100 1.73948 8.713e-03
0.70150 1.74661 8.713e-03
0.70200 1.75989 8.713e-03
0.70250 1.74135 8.713e-03
0.70300 1.74281 8.713e-03
0.70350 1.72518 8.713e-03
0.70400 1.74287 8.713e-03
0.70450 1.75157 8.713e-03
0.70500 1.72241 8.713e-03
0.70550 1.74870 8.713e-03
0.70600 1.75232 8.713e-03
0.70650 1.73855 8.713e-03
0.70700 1.75459 8.713e-03
0.70750 1.73634 8.713e-03
0.70800 1.72869 8.713e-03
0.70850 1.73485 8.713e-03
0.70900 1.73866 8.713e-03
0.70950 1.73205 8.713e-03
0.71000 1.73600 8.713e-03
0.71050 1.72983 8.713e-03
0.71100 1.74174 8.713e-03
0.71150 1.74921 8.713e-03
0.71200 1.74851 8.713e-03
0.71250 1.74076 8.713e-03
0.71300 1.74961 8.713e-03
0.71350 1.75231 8.713e-03
0.71400 1.74895 8.713e-03
0.71450 1.74826 8.713e-03
0.71500 1.74509 8.713e-03
0.71550 1.74104 8.713e-03
0.71600 1.73064 8.713e-03
0.71650 1.75027 8.713e-03
0.71700 1.75162 8.713e-03
0.71750 1.73803 8.713e-03
0.71800 1.73691 8.713e-03
0.71850 1.74255 8.713e-03
0.71900 1.74300 8.713e-03
0.71950 1.74596 8.713e-03
0.72000 1.74541 8.713e-03
0.72050 1.75528 8.713e-03
0.72100 1.73088 8.713e-03
0.72150 1.73675 8.713e-03
0.72200 1.72953 8.713e-03
0.72250 1.74641 8.713e-03
0.72300 1.75267 8.713e-03
0.72350 1.74504 8.713e-03
0.72400 1.75539 8.713e-03
0.72450 1.73687 8.713e-03
0.72500 1.73703 8.713e-03
0.72550 1.75139 8.713e-03
0.72600 1.73216 8.713e-03
0.72650 1.75159 8.713e-03
0.72700 1.74944 8.713e-03
0.72750 1.73557 8.713e-03
0.72800 1.74815 8.713e-03
0.72850 1.73835 8.713e-03
0.72900 1.74460 8.713e-03
0.72950 1.74707 8.713e-03
0.73000 1.73131 8.713e-03
0.73050 1.74655 8.713e-03
0.73100 1.73845 8.713e-03
0.73150 1.75539 8.713e-03
0.73200 1.73664 8.713e-03
0.73250 1.75238 8.713e-03
0.73300 1.73891 8.713e-03
0.73350 1.74638 8.713e-03
0.73400 1.75518 8.713e-03
0.73450 1.74395 8.713e-03
0.73500 1.74230 8.713e-03
0.73550 1.73070 8.713e-03
0.73600 1.72636 8.713e-03
0.73650 1.71959 8.713e-03
0.73700 1.74452 8.713e-03
0.73750 1.74085 8.713e-03
0.73800 1.73496 8.713e-03
0.73850 1.73481 8.713e-03
0.73900 1.74120 8.713e-03
0.73950 1.73819 8.713e-03
0.74000 1.73958 8.713e-03
0.74050 1.73654 8.713e-03
0.74100 1.73586 8.713e-03
0.74150 1.75060 8.713e-03
0.74200 1.73427 8.713e-03
0.74250 1.72538 8.713e-03
0.74300 1.75100 8.713e-03
0.74350 1.74221 8.713e-03
0.74400 1.73903 8.713e-03
0.74450 1.73697 8.713e-03
0.74500 1.74277 8.713e-03
0.74550 1.73956 8.713e-03
0.74600 1.73027 8.713e-03
0.74650 1.72721 8.713e-03
0.74700 1.74470 8.713e-03
0.74750 1.74423 8.713e-03
0.74800 1.73259 8.713e-03
0.74850 1.74953 8.713e-03
0.74900 1.74538 8.713e-03
0.74950 1.74130 8.713e-03
0.75000 1.75224 8.713e-03
0.75050 1.74361 8.713e-03
0.75100 1.72792 8.713e-03
0.75150 1.74546 8.713e-03
0.75200 1.73487 8.713e-03
0.75250 1.74497 8.713e-03
0.75300 1.75052 8.713e-03
0.75350 1.75221 8.713e-03
0.75400 1.74662 8.713e-03
0.75450 1.74116 8.713e-03
0.75500 1.74451 8.713e-03
0.75550 1.73421 8.713e-03
0.75600 1.75311 8.713e-03
0.75650 1.74815 8.713e-03
0.75700 1.74457 8.713e-03
0.75750 1.74513 8.713e-03
0.75800 1.74649 8.713e-03
0.75850 1.75238 8.713e-03
0.75900 1.74938 8.713e-03
0.75950 1.74235 8.713e-03
0.76000 1.72904 8.713e-03
0.76050 1.73031 8.713e-03
0.76100 1.74346 8.713e-03
0.76150 1.74098 8.713e-03
0.76200 1.75193 8.713e-03
0.76250 1.74403 8.713e-03
0.76300 1.73177 8.713e-03
0.76350 1.75756 8.713e-03
0.76400 1.73936 8.713e-03
0.76450 1.74797 8.713e-03
0.76500 1.75942 8.713e-03
0.76550 1.74694 8.713e-03
0.76600 1.75136 8.713e-03
0.76650 1.75338 8.713e-03
0.76700 1.73801 8.713e-03
0.76750 1.73283 8.713e-03
0.76800 1.73234 8.713e-03
0.76850 1.72742 8.713e-03
0.76900 1.74957 8.713e-03
0.76950 1.74503 8.713e-03
0.77000 1.73733 8.713e-03
0.77050 1.73035 8.713e-03
0.77100 1.73179 8.713e-03
0.77150 1.74840 8.713e-03
0.77200 1.73396 8.713e-03
0.77250 1.74866 8.713e-03
0.77300 1.73591 8.713e-03
0.77350 1.74750 8.713e-03
0.77400 1.75539 8.713e-03
0.77450 1.75164 8.713e-03
0.77500 1.75302 8.713e-03
0.77550 1.74680 8.713e-03
0.77600 1.76567 8.713e-03
0.77650 1.75544 8.713e-03
0.77700 1.76345 8.713e-03
0.77750 1.74211 8.713e-03
0.77800 1.75439 8.713e-03
0.77850 1.74153 8.713e-03
0.77900 1.72916 8.713e-03
0.77950 1.74501 8.713e-03
0.78000 1.74378 8.713e-03
0.78050 1.74226 8.713e-03
0.78100 1.76518 8.713e-03
0.78150 1.75020 8.713e-03
0.78200 1.73921 8.713e-03
0.78250 1.74605 8.713e-03
0.78300 1.73821 8.713e-03
0.78350 1.74321 8.713e-03
0.78400 1.75371 8.713e-03
0.78450 1.74770 8.713e-03
0.78500 1.74415 8.713e-03
0.78550 1.75143 8.713e-03
0.78600 1.72594 8.713e-03
0.78650 1.73820 8.713e-03
0.78700 1.75471 8.713e-03
0.78750 1.71991 8.713e-03
0.78800 1.73288 8.713e-03
0.78850 1.74985 8.713e-03
0.78900 1.75281 8.713e-03
0.78950 1.74856 8.713e-03
0.79000 1.75578 8.713e-03
0.79050 1.75250 8.713e-03
0.79100 1.73252 8.713e-03
0.79150 1.73905 8.713e-03
0.79200 1.74852 8.713e-03
0.79250 1.75710 8.713e-03
0.79300 1.73485 8.713e-03
0.79350 1.75239 8.713e-03
0.79400 1.73190 8.713e-03
0.79450 1.73945 8.713e-03
0.79500 1.74688 8.713e-03
0.79550 1.74293 8.713e-03
0.79600 1.73833 8.713e-03
0.79650 1.73589 8.713e-03
0.79700 1.75015 8.713e-03
0.79750 1.74236 8.713e-03
0.79800 1.74264 8.713e-03
0.79850 1.74971 8.713e-03
0.79900 1.73992 8.713e-03
0.79950 1.75288 8.713e-03
0.80000 1.73510 8.713e-03
0.80050 1.75259 8.713e-03
0.80100 1.75297 8.713e-03
0.80150 1.74079 8.713e-03
0.80200 1.73733 8.713e-03
0.80250 1.74232 8.713e-03
0.80300 1.74097 8.713e-03
0.80350 1.74329 8.713e-03
0.80400 1.76495 8.713e-03
0.80450 1.72150 8.713e-03
0.80500 1.74545 8.713e-03
0.80550 1.74438 8.713e-03
0.80600 1.72540 8.713e-03
0.80650 1.75089 8.713e-03
0.80700 1.73976 8.713e-03
0.80750 1.73747 8.713e-03
0.80800 1.72558 8.713e-03
0.80850 1.73362 8.713e-03
0.80900 1.75181 8.713e-03
0.80950 1.74843 8.713e-03
0.81000 1.75141 8.713e-03
0.81050 1.74888 8.713e-03
0.81100 1.72986 8.713e-03
0.81150 1.75669 8.713e-03
0.81200 1.74212 8.713e-03
0.81250 1.75568 8.713e-03
0.81300 1.74248 8.713e-03
0.81350 1.74533 8.713e-03
0.81400 1.75981 8.713e-03
0.81450 1.75239 8.713e-03
0.81500 1.74480 8.713e-03
0.81550 1.73970 8.713e-03
0.81600 1.73623 8.713e-03
0.81650 1.75047 8.713e-03
0.81700 1.73178 8.713e-03
0.81750 1.74581 8.713e-03
0.81800 1.74370 8.713e-03
0.81850 1.75476 8.713e-03
0.81900 1.75394 8.713e-03
0.81950 1.74462 8.713e-03
0.82000 1.74146 8.713e-03
0.82050 1.75045 8.713e-03
0.82100 1.75587 8.713e-03
0.82150 1.75759 8.713e-03
0.82200 1.74490 8.713e-03
0.82250 1.74614 8.713e-03
0.82300 1.73334 8.713e-03
0.82350 1.73935 8.713e-03
0.82400 1.75656 8.713e-03
0.82450 1.75445 8.713e-03
0.82500 1.75841 8.713e-03
0.82550 1.74927 8.713e-03
0.82600 1.72882 8.713e-03
0.82650 1.74878 8.713e-03
0.82700 1.73452 8.713e-03
0.82750 1.73141 8.713e-03
0.82800 1.74380 8.713e-03
0.82850 1.75616 8.713e-03
0.82900 1.74741 8.713e-03
0.82950 1.74053 8.713e-03
0.83000 1.73704 8.713e-03
0.83050 1.75322 8.713e-03
0.83100 1.73311 8.713e-03
0.83150 1.74875 8.713e-03
0.83200 1.74628 8.713e-03
0.83250 1.74113 8.713e-03
0.83300 1.74460 8.713e-03
0.83350 1.75523 8.713e-03
0.83400 1.73287 8.713e-03
0.83450 1.75203 8.713e-03
0.83500 1.73236 8.713e-03
0.83550 1.72621 8.713e-03
0.83600 1.74250 8.713e-03
0.83650 1.73861 8.713e-03
0.83700 1.73742 8.713e-03
0.83750 1.76402 8.713e-03
0.83800 1.75765 8.713e-03
0.83850 1.73369 8.713e-03
0.83900 1.74780 8.713e-03
0.83950 1.73008 8.713e-03
0.84000 1.73708 8.713e-03
0.84050 1.75042 8.713e-03
0.84100 1.75828 8.713e-03
0.84150 1.73809 8.713e-03
0.84200 1.73827 8.713e-03
0.84250 1.73100 8.713e-03
0.84300 1.73894 8.713e-03
0.84350 1.75218 8.713e-03
0.84400 1.73718 8.713e-03
0.84450 1.76441 8.713e-03
0.84500 1.74117 8.713e-03
0.84550 1.73623 8.713e-03
0.84600 1.74228 8.713e-03
0.84650 1.74075 8.713e-03
0.84700 1.75356 8.713e-03
0.84750 1.74599 8.713e-03
0.84800 1.73944 8.713e-03
0.84850 1.74815 8.713e-03
0.84900 1.74892 8.713e-03
0.84950 1.74337 8.713e-03
0.85000 1.74524 8.713e-03
