# 
# This file contains a simulated light curve of a single orbit of a circular orbit,
# eclipsing binary. The three columns are orbital phase (changes by 1 over the orbit),
# flux, and uncertainty in flux.
# 
-0.15000 1.39615 6.924e-03
-0.14950 1.37884 6.924e-03
-0.14900 1.39104 6.924e-03
-0.14850 1.38470 6.924e-03
-0.14800 1.38967 6.924e-03
-0.14750 1.38006 6.924e-03
-0.14700 1.38670 6.924e-03
-0.14650 1.37912 6.924e-03
-0.14600 1.38493 6.924e-03
-0.14550 1.38284 6.924e-03
-0.14500 1.38280 6.924e-03
-0.14450 1.39759 6.924e-03
-0.14400 1.38148 6.924e-03
-0.14350 1.38268 6.924e-03
-0.14300 1.38330 6.924e-03
-0.14250 1.38548 6.924e-03
-0.14200 1.38258 6.924e-03
-0.14150 1.39188 6.924e-03
-0.14100 1.37974 6.924e-03
-0.14050 1.38501 6.924e-03
-0.14000 1.38280 6.924e-03
-0.13950 1.38800 6.924e-03
-0.13900 1.38246 6.924e-03
-0.13850 1.38021 6.924e-03
-0.13800 1.38198 6.924e-03
-0.13750 1.38656 6.924e-03
-0.13700 1.38097 6.924e-03
-0.13650 1.38486 6.924e-03
-0.13600 1.38383 6.924e-03
-0.13550 1.38015 6.924e-03
-0.13500 1.38582 6.924e-03
-0.13450 1.38812 6.924e-03
-0.13400 1.38167 6.924e-03
-0.13350 1.38805 6.924e-03
-0.13300 1.40044 6.924e-03
-0.13250 1.39243 6.924e-03
-0.13200 1.38850 6.924e-03
-0.13150 1.38529 6.924e-03
-0.13100 1.37608 6.924e-03
-0.13050 1.37793 6.924e-03
-0.13000 1.39449 6.924e-03
-0.12950 1.38224 6.924e-03
-0.12900 1.39384 6.924e-03
-0.12850 1.38908 6.924e-03
-0.12800 1.38554 6.924e-03
-0.12750 1.39311 6.924e-03
-0.12700 1.38542 6.924e-03
-0.12650 1.38561 6.924e-03
-0.12600 1.37550 6.924e-03
-0.12550 1.37832 6.924e-03
-0.12500 1.40452 6.924e-03
-0.12450 1.38659 6.924e-03
-0.12400 1.37680 6.924e-03
-0.12350 1.38233 6.924e-03
-0.12300 1.37555 6.924e-03
-0.12250 1.37797 6.924e-03
-0.12200 1.39502 6.924e-03
-0.12150 1.37457 6.924e-03
-0.12100 1.38068 6.924e-03
-0.12050 1.39208 6.924e-03
-0.12000 1.38911 6.924e-03
-0.11950 1.38402 6.924e-03
-0.11900 1.39139 6.924e-03
-0.11850 1.38338 6.924e-03
-0.11800 1.39436 6.924e-03
-0.11750 1.38181 6.924e-03
-0.11700 1.39356 6.924e-03
-0.11650 1.38886 6.924e-03
-0.11600 1.37809 6.924e-03
-0.11550 1.38028 6.924e-03
-0.11500 1.39399 6.924e-03
-0.11450 1.38689 6.924e-03
-0.11400 1.38417 6.924e-03
-0.11350 1.38674 6.924e-03
-0.11300 1.37811 6.924e-03
-0.11250 1.38440 6.924e-03
-0.11200 1.38903 6.924e-03
-0.11150 1.39128 6.924e-03
-0.11100 1.38290 6.924e-03
-0.11050 1.39765 6.924e-03
-0.11000 1.37478 6.924e-03
-0.10950 1.38505 6.924e-03
-0.10900 1.37641 6.924e-03
-0.10850 1.38498 6.924e-03
-0.10800 1.39672 6.924e-03
-0.10750 1.38426 6.924e-03
-0.10700 1.38035 6.924e-03
-0.10650 1.39320 6.924e-03
-0.10600 1.39243 6.924e-03
-0.10550 1.39501 6.924e-03
-0.10500 1.38526 6.924e-03
-0.10450 1.38401 6.924e-03
-0.10400 1.36893 6.924e-03
-0.10350 1.37924 6.924e-03
-0.10300 1.37073 6.924e-03
-0.10250 1.39779 6.924e-03
-0.10200 1.38726 6.924e-03
-0.10150 1.38350 6.924e-03
-0.10100 1.39338 6.924e-03
-0.10050 1.37837 6.924e-03
-0.10000 1.38567 6.924e-03
-0.09950 1.39755 6.924e-03
-0.09900 1.38208 6.924e-03
-0.09850 1.39175 6.924e-03
-0.09800 1.38378 6.924e-03
-0.09750 1.38646 6.924e-03
-0.09700 1.38783 6.924e-03
-0.09650 1.37176 6.924e-03
-0.09600 1.37520 6.924e-03
-0.09550 1.40265 6.924e-03
-0.09500 1.38593 6.924e-03
-0.09450 1.38977 6.924e-03
-0.09400 1.36797 6.924e-03
-0.09350 1.38128 6.924e-03
-0.09300 1.38508 6.924e-03
-0.09250 1.38020 6.924e-03
-0.09200 1.37993 6.924e-03
-0.09150 1.38787 6.924e-03
-0.09100 1.38199 6.924e-03
-0.09050 1.38636 6.924e-03
-0.09000 1.39432 6.924e-03
-0.08950 1.39302 6.924e-03
-0.08900 1.38866 6.924e-03
-0.08850 1.38034 6.924e-03
-0.08800 1.38997 6.924e-03
-0.08750 1.36630 6.924e-03
-0.08700 1.38654 6.924e-03
-0.08650 1.38330 6.924e-03
-0.08600 1.38496 6.924e-03
-0.08550 1.37640 6.924e-03
-0.08500 1.38986 6.924e-03
-0.08450 1.37899 6.924e-03
-0.08400 1.37613 6.924e-03
-0.08350 1.39154 6.924e-03
-0.08300 1.39795 6.924e-03
-0.08250 1.38263 6.924e-03
-0.08200 1.39397 6.924e-03
-0.08150 1.37931 6.924e-03
-0.08100 1.39028 6.924e-03
-0.08050 1.39096 6.924e-03
-0.08000 1.39127 6.924e-03
-0.07950 1.39204 6.924e-03
-0.07900 1.38952 6.924e-03
-0.07850 1.38952 6.924e-03
-0.07800 1.37941 6.924e-03
-0.07750 1.37850 6.924e-03
-0.07700 1.38318 6.924e-03
-0.07650 1.37331 6.924e-03
-0.07600 1.38999 6.924e-03
-0.07550 1.37862 6.924e-03
-0.07500 1.38446 6.924e-03
-0.07450 1.37498 6.924e-03
-0.07400 1.36164 6.924e-03
-0.07350 1.37727 6.924e-03
-0.07300 1.36172 6.924e-03
-0.07250 1.37067 6.924e-03
-0.07200 1.37849 6.924e-03
-0.07150 1.35798 6.924e-03
-0.07100 1.35289 6.924e-03
-0.07050 1.36727 6.924e-03
-0.07000 1.35480 6.924e-03
-0.06950 1.35787 6.924e-03
-0.06900 1.33287 6.924e-03
-0.06850 1.34530 6.924e-03
-0.06800 1.32487 6.924e-03
-0.06750 1.33029 6.924e-03
-0.06700 1.33343 6.924e-03
-0.06650 1.32611 6.924e-03
-0.06600 1.31738 6.924e-03
-0.06550 1.31508 6.924e-03
-0.06500 1.30694 6.924e-03
-0.06450 1.30907 6.924e-03
-0.06400 1.30226 6.924e-03
-0.06350 1.30618 6.924e-03
-0.06300 1.29845 6.924e-03
-0.06250 1.29216 6.924e-03
-0.06200 1.28288 6.924e-03
-0.06150 1.26731 6.924e-03
-0.06100 1.26859 6.924e-03
-0.06050 1.25748 6.924e-03
-0.06000 1.25307 6.924e-03
-0.05950 1.24539 6.924e-03
-0.05900 1.25619 6.924e-03
-0.05850 1.24471 6.924e-03
-0.05800 1.24000 6.924e-03
-0.05750 1.22747 6.924e-03
-0.05700 1.23233 6.924e-03
-0.05650 1.22564 6.924e-03
-0.05600 1.23632 6.924e-03
-0.05550 1.20317 6.924e-03
-0.05500 1.20962 6.924e-03
-0.05450 1.19432 6.924e-03
-0.05400 1.20098 6.924e-03
-0.05350 1.18228 6.924e-03
-0.05300 1.17620 6.924e-03
-0.05250 1.17203 6.924e-03
-0.05200 1.17421 6.924e-03
-0.05150 1.15771 6.924e-03
-0.05100 1.16290 6.924e-03
-0.05050 1.14045 6.924e-03
-0.05000 1.13144 6.924e-03
-0.04950 1.13023 6.924e-03
-0.04900 1.14036 6.924e-03
-0.04850 1.13378 6.924e-03
-0.04800 1.12234 6.924e-03
-0.04750 1.10651 6.924e-03
-0.04700 1.10032 6.924e-03
-0.04650 1.09140 6.924e-03
-0.04600 1.07656 6.924e-03
-0.04550 1.09171 6.924e-03
-0.04500 1.07997 6.924e-03
-0.04450 1.06879 6.924e-03
-0.04400 1.05774 6.924e-03
-0.04350 1.05958 6.924e-03
-0.04300 1.04538 6.924e-03
-0.04250 1.02861 6.924e-03
-0.04200 1.02223 6.924e-03
-0.04150 1.02712 6.924e-03
-0.04100 1.02834 6.924e-03
-0.04050 1.01391 6.924e-03
-0.04000 1.01083 6.924e-03
-0.03950 0.98941 6.924e-03
-0.03900 0.99804 6.924e-03
-0.03850 0.97613 6.924e-03
-0.03800 0.95651 6.924e-03
-0.03750 0.96447 6.924e-03
-0.03700 0.96340 6.924e-03
-0.03650 0.96544 6.924e-03
-0.03600 0.94417 6.924e-03
-0.03550 0.94143 6.924e-03
-0.03500 0.92464 6.924e-03
-0.03450 0.91984 6.924e-03
-0.03400 0.91326 6.924e-03
-0.03350 0.90822 6.924e-03
-0.03300 0.90790 6.924e-03
-0.03250 0.89667 6.924e-03
-0.03200 0.89442 6.924e-03
-0.03150 0.87083 6.924e-03
-0.03100 0.87188 6.924e-03
-0.03050 0.85777 6.924e-03
-0.03000 0.85815 6.924e-03
-0.02950 0.85316 6.924e-03
-0.02900 0.84764 6.924e-03
-0.02850 0.84331 6.924e-03
-0.02800 0.82819 6.924e-03
-0.02750 0.82827 6.924e-03
-0.02700 0.82114 6.924e-03
-0.02650 0.81814 6.924e-03
-0.02600 0.80342 6.924e-03
-0.02550 0.80620 6.924e-03
-0.02500 0.78318 6.924e-03
-0.02450 0.77568 6.924e-03
-0.02400 0.78666 6.924e-03
-0.02350 0.77619 6.924e-03
-0.02300 0.75805 6.924e-03
-0.02250 0.76299 6.924e-03
-0.02200 0.76794 6.924e-03
-0.02150 0.75188 6.924e-03
-0.02100 0.74547 6.924e-03
-0.02050 0.74287 6.924e-03
-0.02000 0.73348 6.924e-03
-0.01950 0.72037 6.924e-03
-0.01900 0.74326 6.924e-03
-0.01850 0.72279 6.924e-03
-0.01800 0.72940 6.924e-03
-0.01750 0.72159 6.924e-03
-0.01700 0.73592 6.924e-03
-0.01650 0.72385 6.924e-03
-0.01600 0.71786 6.924e-03
-0.01550 0.73336 6.924e-03
-0.01500 0.73791 6.924e-03
-0.01450 0.72515 6.924e-03
-0.01400 0.73617 6.924e-03
-0.01350 0.72855 6.924e-03
-0.01300 0.73454 6.924e-03
-0.01250 0.72138 6.924e-03
-0.01200 0.73265 6.924e-03
-0.01150 0.72962 6.924e-03
-0.01100 0.72556 6.924e-03
-0.01050 0.73471 6.924e-03
-0.01000 0.71806 6.924e-03
-0.00950 0.72418 6.924e-03
-0.00900 0.73982 6.924e-03
-0.00850 0.72354 6.924e-03
-0.00800 0.72634 6.924e-03
-0.00750 0.73567 6.924e-03
-0.00700 0.72466 6.924e-03
-0.00650 0.73210 6.924e-03
-0.00600 0.71597 6.924e-03
-0.00550 0.71709 6.924e-03
-0.00500 0.72935 6.924e-03
-0.00450 0.72773 6.924e-03
-0.00400 0.71827 6.924e-03
-0.00350 0.72381 6.924e-03
-0.00300 0.72138 6.924e-03
-0.00250 0.72361 6.924e-03
-0.00200 0.72643 6.924e-03
-0.00150 0.72490 6.924e-03
-0.00100 0.71915 6.924e-03
-0.00050 0.70449 6.924e-03
0.00000 0.71545 6.924e-03
0.00050 0.71965 6.924e-03
0.00100 0.71925 6.924e-03
0.00150 0.71674 6.924e-03
0.00200 0.73608 6.924e-03
0.00250 0.72157 6.924e-03
0.00300 0.73098 6.924e-03
0.00350 0.72300 6.924e-03
0.00400 0.72688 6.924e-03
0.00450 0.71946 6.924e-03
0.00500 0.73747 6.924e-03
0.00550 0.73045 6.924e-03
0.00600 0.71120 6.924e-03
0.00650 0.72685 6.924e-03
0.00700 0.71518 6.924e-03
0.00750 0.72889 6.924e-03
0.00800 0.72480 6.924e-03
0.00850 0.72928 6.924e-03
0.00900 0.72564 6.924e-03
0.00950 0.71288 6.924e-03
0.01000 0.73426 6.924e-03
0.01050 0.73788 6.924e-03
0.01100 0.73266 6.924e-03
0.01150 0.73181 6.924e-03
0.01200 0.74686 6.924e-03
0.01250 0.72996 6.924e-03
0.01300 0.72652 6.924e-03
0.01350 0.71940 6.924e-03
0.01400 0.72278 6.924e-03
0.01450 0.72369 6.924e-03
0.01500 0.72440 6.924e-03
0.01550 0.72542 6.924e-03
0.01600 0.74066 6.924e-03
0.01650 0.73067 6.924e-03
0.01700 0.73024 6.924e-03
0.01750 0.71825 6.924e-03
0.01800 0.72211 6.924e-03
0.01850 0.72853 6.924e-03
0.01900 0.73088 6.924e-03
0.01950 0.73109 6.924e-03
0.02000 0.73619 6.924e-03
0.02050 0.73162 6.924e-03
0.02100 0.74236 6.924e-03
0.02150 0.75769 6.924e-03
0.02200 0.75714 6.924e-03
0.02250 0.75362 6.924e-03
0.02300 0.76779 6.924e-03
0.02350 0.77995 6.924e-03
0.02400 0.78254 6.924e-03
0.02450 0.78342 6.924e-03
0.02500 0.79209 6.924e-03
0.02550 0.80155 6.924e-03
0.02600 0.80774 6.924e-03
0.02650 0.81084 6.924e-03
0.02700 0.80840 6.924e-03
0.02750 0.81680 6.924e-03
0.02800 0.81910 6.924e-03
0.02850 0.83506 6.924e-03
0.02900 0.85491 6.924e-03
0.02950 0.85190 6.924e-03
0.03000 0.85448 6.924e-03
0.03050 0.87715 6.924e-03
0.03100 0.86367 6.924e-03
0.03150 0.87610 6.924e-03
0.03200 0.89142 6.924e-03
0.03250 0.89941 6.924e-03
0.03300 0.91259 6.924e-03
0.03350 0.91448 6.924e-03
0.03400 0.90725 6.924e-03
0.03450 0.92583 6.924e-03
0.03500 0.93073 6.924e-03
0.03550 0.94818 6.924e-03
0.03600 0.94052 6.924e-03
0.03650 0.94379 6.924e-03
0.03700 0.96622 6.924e-03
0.03750 0.98137 6.924e-03
0.03800 0.97204 6.924e-03
0.03850 0.97769 6.924e-03
0.03900 0.98229 6.924e-03
0.03950 0.98867 6.924e-03
0.04000 1.00061 6.924e-03
0.04050 1.00199 6.924e-03
0.04100 1.01510 6.924e-03
0.04150 1.01371 6.924e-03
0.04200 1.02931 6.924e-03
0.04250 1.04988 6.924e-03
0.04300 1.04274 6.924e-03
0.04350 1.06155 6.924e-03
0.04400 1.06270 6.924e-03
0.04450 1.06902 6.924e-03
0.04500 1.07824 6.924e-03
0.04550 1.08058 6.924e-03
0.04600 1.08492 6.924e-03
0.04650 1.10203 6.924e-03
0.04700 1.10398 6.924e-03
0.04750 1.10041 6.924e-03
0.04800 1.12178 6.924e-03
0.04850 1.13262 6.924e-03
0.04900 1.12619 6.924e-03
0.04950 1.13134 6.924e-03
0.05000 1.14762 6.924e-03
0.05050 1.14832 6.924e-03
0.05100 1.16330 6.924e-03
0.05150 1.15997 6.924e-03
0.05200 1.17058 6.924e-03
0.05250 1.16221 6.924e-03
0.05300 1.18883 6.924e-03
0.05350 1.18806 6.924e-03
0.05400 1.19787 6.924e-03
0.05450 1.19092 6.924e-03
0.05500 1.21317 6.924e-03
0.05550 1.21653 6.924e-03
0.05600 1.21866 6.924e-03
0.05650 1.22546 6.924e-03
0.05700 1.23071 6.924e-03
0.05750 1.22424 6.924e-03
0.05800 1.24563 6.924e-03
0.05850 1.25218 6.924e-03
0.05900 1.25282 6.924e-03
0.05950 1.25330 6.924e-03
0.06000 1.26519 6.924e-03
0.06050 1.26849 6.924e-03
0.06100 1.25766 6.924e-03
0.06150 1.27533 6.924e-03
0.06200 1.28213 6.924e-03
0.06250 1.29036 6.924e-03
0.06300 1.29087 6.924e-03
0.06350 1.29448 6.924e-03
0.06400 1.30611 6.924e-03
0.06450 1.30949 6.924e-03
0.06500 1.30996 6.924e-03
0.06550 1.31665 6.924e-03
0.06600 1.32350 6.924e-03
0.06650 1.32522 6.924e-03
0.06700 1.33366 6.924e-03
0.06750 1.32317 6.924e-03
0.06800 1.34349 6.924e-03
0.06850 1.34077 6.924e-03
0.06900 1.33746 6.924e-03
0.06950 1.34296 6.924e-03
0.07000 1.35307 6.924e-03
0.07050 1.36006 6.924e-03
0.07100 1.36123 6.924e-03
0.07150 1.34689 6.924e-03
0.07200 1.37376 6.924e-03
0.07250 1.37709 6.924e-03
0.07300 1.37207 6.924e-03
0.07350 1.37537 6.924e-03
0.07400 1.36073 6.924e-03
0.07450 1.38614 6.924e-03
0.07500 1.37645 6.924e-03
0.07550 1.37370 6.924e-03
0.07600 1.38966 6.924e-03
0.07650 1.38388 6.924e-03
0.07700 1.38486 6.924e-03
0.07750 1.38227 6.924e-03
0.07800 1.36771 6.924e-03
0.07850 1.38802 6.924e-03
0.07900 1.38430 6.924e-03
0.07950 1.39240 6.924e-03
0.08000 1.38694 6.924e-03
0.08050 1.39177 6.924e-03
0.08100 1.38789 6.924e-03
0.08150 1.38368 6.924e-03
0.08200 1.39112 6.924e-03
0.08250 1.38113 6.924e-03
0.08300 1.38442 6.924e-03
0.08350 1.38870 6.924e-03
0.08400 1.38670 6.924e-03
0.08450 1.38259 6.924e-03
0.08500 1.38610 6.924e-03
0.08550 1.38508 6.924e-03
0.08600 1.38993 6.924e-03
0.08650 1.38475 6.924e-03
0.08700 1.38609 6.924e-03
0.08750 1.38809 6.924e-03
0.08800 1.38200 6.924e-03
0.08850 1.39296 6.924e-03
0.08900 1.38337 6.924e-03
0.08950 1.37809 6.924e-03
0.09000 1.38477 6.924e-03
0.09050 1.37948 6.924e-03
0.09100 1.36981 6.924e-03
0.09150 1.39121 6.924e-03
0.09200 1.38459 6.924e-03
0.09250 1.39135 6.924e-03
0.09300 1.37982 6.924e-03
0.09350 1.38513 6.924e-03
0.09400 1.38259 6.924e-03
0.09450 1.38799 6.924e-03
0.09500 1.38718 6.924e-03
0.09550 1.38600 6.924e-03
0.09600 1.39063 6.924e-03
0.09650 1.38237 6.924e-03
0.09700 1.39330 6.924e-03
0.09750 1.39004 6.924e-03
0.09800 1.38015 6.924e-03
0.09850 1.38882 6.924e-03
0.09900 1.38505 6.924e-03
0.09950 1.38141 6.924e-03
0.10000 1.38419 6.924e-03
0.10050 1.38812 6.924e-03
0.10100 1.38432 6.924e-03
0.10150 1.39068 6.924e-03
0.10200 1.37861 6.924e-03
0.10250 1.37037 6.924e-03
0.10300 1.38639 6.924e-03
0.10350 1.39769 6.924e-03
0.10400 1.39180 6.924e-03
0.10450 1.39754 6.924e-03
0.10500 1.37381 6.924e-03
0.10550 1.38417 6.924e-03
0.10600 1.39275 6.924e-03
0.10650 1.38092 6.924e-03
0.10700 1.36875 6.924e-03
0.10750 1.37466 6.924e-03
0.10800 1.38497 6.924e-03
0.10850 1.37171 6.924e-03
0.10900 1.36889 6.924e-03
0.10950 1.38538 6.924e-03
0.11000 1.38235 6.924e-03
0.11050 1.39231 6.924e-03
0.11100 1.38774 6.924e-03
0.11150 1.39054 6.924e-03
0.11200 1.39809 6.924e-03
0.11250 1.38797 6.924e-03
0.11300 1.37140 6.924e-03
0.11350 1.38164 6.924e-03
0.11400 1.38637 6.924e-03
0.11450 1.38197 6.924e-03
0.11500 1.39245 6.924e-03
0.11550 1.38094 6.924e-03
0.11600 1.39239 6.924e-03
0.11650 1.39164 6.924e-03
0.11700 1.39663 6.924e-03
0.11750 1.37546 6.924e-03
0.11800 1.38385 6.924e-03
0.11850 1.39377 6.924e-03
0.11900 1.38805 6.924e-03
0.11950 1.38488 6.924e-03
0.12000 1.39446 6.924e-03
0.12050 1.37246 6.924e-03
0.12100 1.38818 6.924e-03
0.12150 1.37981 6.924e-03
0.12200 1.37709 6.924e-03
0.12250 1.39056 6.924e-03
0.12300 1.38969 6.924e-03
0.12350 1.38365 6.924e-03
0.12400 1.39156 6.924e-03
0.12450 1.37490 6.924e-03
0.12500 1.38564 6.924e-03
0.12550 1.37549 6.924e-03
0.12600 1.39580 6.924e-03
0.12650 1.39061 6.924e-03
0.12700 1.38692 6.924e-03
0.12750 1.38288 6.924e-03
0.12800 1.38539 6.924e-03
0.12850 1.39134 6.924e-03
0.12900 1.38600 6.924e-03
0.12950 1.38082 6.924e-03
0.13000 1.37406 6.924e-03
0.13050 1.38658 6.924e-03
0.13100 1.37772 6.924e-03
0.13150 1.38089 6.924e-03
0.13200 1.38506 6.924e-03
0.13250 1.38025 6.924e-03
0.13300 1.38678 6.924e-03
0.13350 1.38280 6.924e-03
0.13400 1.39119 6.924e-03
0.13450 1.38699 6.924e-03
0.13500 1.38295 6.924e-03
0.13550 1.37541 6.924e-03
0.13600 1.38102 6.924e-03
0.13650 1.38604 6.924e-03
0.13700 1.37397 6.924e-03
0.13750 1.38436 6.924e-03
0.13800 1.38406 6.924e-03
0.13850 1.38429 6.924e-03
0.13900 1.37893 6.924e-03
0.13950 1.37417 6.924e-03
0.14000 1.37800 6.924e-03
0.14050 1.37587 6.924e-03
0.14100 1.37724 6.924e-03
0.14150 1.37817 6.924e-03
0.14200 1.38224 6.924e-03
0.14250 1.38206 6.924e-03
0.14300 1.38546 6.924e-03
0.14350 1.38831 6.924e-03
0.14400 1.38269 6.924e-03
0.14450 1.37984 6.924e-03
0.14500 1.39069 6.924e-03
0.14550 1.39129 6.924e-03
0.14600 1.37267 6.924e-03
0.14650 1.38093 6.924e-03
0.14700 1.38427 6.924e-03
0.14750 1.37561 6.924e-03
0.14800 1.37524 6.924e-03
0.14850 1.38711 6.924e-03
0.14900 1.38891 6.924e-03
0.14950 1.38110 6.924e-03
0.15000 1.38247 6.924e-03
0.15050 1.37602 6.924e-03
0.15100 1.39634 6.924e-03
0.15150 1.38982 6.924e-03
0.15200 1.37825 6.924e-03
0.15250 1.38319 6.924e-03
0.15300 1.38270 6.924e-03
0.15350 1.37990 6.924e-03
0.15400 1.39634 6.924e-03
0.15450 1.39045 6.924e-03
0.15500 1.39451 6.924e-03
0.15550 1.36967 6.924e-03
0.15600 1.38547 6.924e-03
0.15650 1.40141 6.924e-03
0.15700 1.38487 6.924e-03
0.15750 1.38381 6.924e-03
0.15800 1.37406 6.924e-03
0.15850 1.38886 6.924e-03
0.15900 1.39672 6.924e-03
0.15950 1.38240 6.924e-03
0.16000 1.38741 6.924e-03
0.16050 1.39039 6.924e-03
0.16100 1.38681 6.924e-03
0.16150 1.38805 6.924e-03
0.16200 1.39563 6.924e-03
0.16250 1.40191 6.924e-03
0.16300 1.37518 6.924e-03
0.16350 1.37239 6.924e-03
0.16400 1.38061 6.924e-03
0.16450 1.37148 6.924e-03
0.16500 1.39152 6.924e-03
0.16550 1.39290 6.924e-03
0.16600 1.39120 6.924e-03
0.16650 1.38606 6.924e-03
0.16700 1.38983 6.924e-03
0.16750 1.38608 6.924e-03
0.16800 1.38311 6.924e-03
0.16850 1.38377 6.924e-03
0.16900 1.39503 6.924e-03
0.16950 1.37801 6.924e-03
0.17000 1.38527 6.924e-03
0.17050 1.38568 6.924e-03
0.17100 1.38445 6.924e-03
0.17150 1.37477 6.924e-03
0.17200 1.38648 6.924e-03
0.17250 1.38277 6.924e-03
0.17300 1.37247 6.924e-03
0.17350 1.39288 6.924e-03
0.17400 1.37616 6.924e-03
0.17450 1.38996 6.924e-03
0.17500 1.37420 6.924e-03
0.17550 1.37700 6.924e-03
0.17600 1.40101 6.924e-03
0.17650 1.38809 6.924e-03
0.17700 1.37987 6.924e-03
0.17750 1.38004 6.924e-03
0.17800 1.38650 6.924e-03
0.17850 1.38313 6.924e-03
0.17900 1.38206 6.924e-03
0.17950 1.38243 6.924e-03
0.18000 1.39465 6.924e-03
0.18050 1.38865 6.924e-03
0.18100 1.38382 6.924e-03
0.18150 1.38477 6.924e-03
0.18200 1.38458 6.924e-03
0.18250 1.37879 6.924e-03
0.18300 1.39531 6.924e-03
0.18350 1.40132 6.924e-03
0.18400 1.37767 6.924e-03
0.18450 1.38598 6.924e-03
0.18500 1.38251 6.924e-03
0.18550 1.38709 6.924e-03
0.18600 1.38561 6.924e-03
0.18650 1.39041 6.924e-03
0.18700 1.38332 6.924e-03
0.18750 1.37865 6.924e-03
0.18800 1.38844 6.924e-03
0.18850 1.40389 6.924e-03
0.18900 1.38752 6.924e-03
0.18950 1.38618 6.924e-03
0.19000 1.37802 6.924e-03
0.19050 1.39362 6.924e-03
0.19100 1.38490 6.924e-03
0.19150 1.39583 6.924e-03
0.19200 1.39760 6.924e-03
0.19250 1.39189 6.924e-03
0.19300 1.39043 6.924e-03
0.19350 1.39170 6.924e-03
0.19400 1.38853 6.924e-03
0.19450 1.38459 6.924e-03
0.19500 1.38052 6.924e-03
0.19550 1.39552 6.924e-03
0.19600 1.38213 6.924e-03
0.19650 1.39081 6.924e-03
0.19700 1.39103 6.924e-03
0.19750 1.38390 6.924e-03
0.19800 1.37537 6.924e-03
0.19850 1.38808 6.924e-03
0.19900 1.37954 6.924e-03
0.19950 1.38332 6.924e-03
0.20000 1.40123 6.924e-03
0.20050 1.38263 6.924e-03
0.20100 1.38579 6.924e-03
0.20150 1.38426 6.924e-03
0.20200 1.37748 6.924e-03
0.20250 1.38208 6.924e-03
0.20300 1.37445 6.924e-03
0.20350 1.37790 6.924e-03
0.20400 1.38674 6.924e-03
0.20450 1.39165 6.924e-03
0.20500 1.39911 6.924e-03
0.20550 1.39146 6.924e-03
0.20600 1.37889 6.924e-03
0.20650 1.38301 6.924e-03
0.20700 1.38341 6.924e-03
0.20750 1.39317 6.924e-03
0.20800 1.38563 6.924e-03
0.20850 1.39008 6.924e-03
0.20900 1.38695 6.924e-03
0.20950 1.37316 6.924e-03
0.21000 1.38710 6.924e-03
0.21050 1.38483 6.924e-03
0.21100 1.37996 6.924e-03
0.21150 1.38153 6.924e-03
0.21200 1.37914 6.924e-03
0.21250 1.38214 6.924e-03
0.21300 1.37059 6.924e-03
0.21350 1.37279 6.924e-03
0.21400 1.38416 6.924e-03
0.21450 1.37788 6.924e-03
0.21500 1.38611 6.924e-03
0.21550 1.38781 6.924e-03
0.21600 1.38500 6.924e-03
0.21650 1.37002 6.924e-03
0.21700 1.39797 6.924e-03
0.21750 1.38750 6.924e-03
0.21800 1.38143 6.924e-03
0.21850 1.39310 6.924e-03
0.21900 1.39067 6.924e-03
0.21950 1.37875 6.924e-03
0.22000 1.39066 6.924e-03
0.22050 1.38395 6.924e-03
0.22100 1.38556 6.924e-03
0.22150 1.38234 6.924e-03
0.22200 1.39015 6.924e-03
0.22250 1.37878 6.924e-03
0.22300 1.38235 6.924e-03
0.22350 1.37477 6.924e-03
0.22400 1.39167 6.924e-03
0.22450 1.38295 6.924e-03
0.22500 1.37995 6.924e-03
0.22550 1.39262 6.924e-03
0.22600 1.38823 6.924e-03
0.22650 1.38955 6.924e-03
0.22700 1.36714 6.924e-03
0.22750 1.38331 6.924e-03
0.22800 1.37280 6.924e-03
0.22850 1.38528 6.924e-03
0.22900 1.37443 6.924e-03
0.22950 1.39969 6.924e-03
0.23000 1.38090 6.924e-03
0.23050 1.38465 6.924e-03
0.23100 1.38555 6.924e-03
0.23150 1.38258 6.924e-03
0.23200 1.38771 6.924e-03
0.23250 1.40712 6.924e-03
0.23300 1.39291 6.924e-03
0.23350 1.38938 6.924e-03
0.23400 1.38674 6.924e-03
0.23450 1.38296 6.924e-03
0.23500 1.39700 6.924e-03
0.23550 1.37830 6.924e-03
0.23600 1.39304 6.924e-03
0.23650 1.38350 6.924e-03
0.23700 1.38422 6.924e-03
0.23750 1.38872 6.924e-03
0.23800 1.38200 6.924e-03
0.23850 1.39145 6.924e-03
0.23900 1.38808 6.924e-03
0.23950 1.38590 6.924e-03
0.24000 1.39240 6.924e-03
0.24050 1.38093 6.924e-03
0.24100 1.38987 6.924e-03
0.24150 1.37509 6.924e-03
0.24200 1.39012 6.924e-03
0.24250 1.38660 6.924e-03
0.24300 1.38556 6.924e-03
0.24350 1.37269 6.924e-03
0.24400 1.38946 6.924e-03
0.24450 1.38833 6.924e-03
0.24500 1.37693 6.924e-03
0.24550 1.39685 6.924e-03
0.24600 1.38506 6.924e-03
0.24650 1.38982 6.924e-03
0.24700 1.39315 6.924e-03
0.24750 1.37907 6.924e-03
0.24800 1.38719 6.924e-03
0.24850 1.37818 6.924e-03
0.24900 1.37624 6.924e-03
0.24950 1.38649 6.924e-03
0.25000 1.38685 6.924e-03
0.25050 1.38109 6.924e-03
0.25100 1.39075 6.924e-03
0.25150 1.38821 6.924e-03
0.25200 1.40408 6.924e-03
0.25250 1.38465 6.924e-03
0.25300 1.38097 6.924e-03
0.25350 1.38352 6.924e-03
0.25400 1.40054 6.924e-03
0.25450 1.39300 6.924e-03
0.25500 1.38416 6.924e-03
0.25550 1.39581 6.924e-03
0.25600 1.38876 6.924e-03
0.25650 1.39557 6.924e-03
0.25700 1.38159 6.924e-03
0.25750 1.38933 6.924e-03
0.25800 1.39181 6.924e-03
0.25850 1.38424 6.924e-03
0.25900 1.38088 6.924e-03
0.25950 1.37162 6.924e-03
0.26000 1.38556 6.924e-03
0.26050 1.39274 6.924e-03
0.26100 1.38446 6.924e-03
0.26150 1.39426 6.924e-03
0.26200 1.37840 6.924e-03
0.26250 1.37207 6.924e-03
0.26300 1.38840 6.924e-03
0.26350 1.38384 6.924e-03
0.26400 1.39031 6.924e-03
0.26450 1.39338 6.924e-03
0.26500 1.37995 6.924e-03
0.26550 1.37889 6.924e-03
0.26600 1.38761 6.924e-03
0.26650 1.37626 6.924e-03
0.26700 1.37294 6.924e-03
0.26750 1.38856 6.924e-03
0.26800 1.38752 6.924e-03
0.26850 1.38873 6.924e-03
0.26900 1.38952 6.924e-03
0.26950 1.39048 6.924e-03
0.27000 1.37649 6.924e-03
0.27050 1.39240 6.924e-03
0.27100 1.38252 6.924e-03
0.27150 1.38614 6.924e-03
0.27200 1.38163 6.924e-03
0.27250 1.38382 6.924e-03
0.27300 1.37378 6.924e-03
0.27350 1.38869 6.924e-03
0.27400 1.37408 6.924e-03
0.27450 1.38786 6.924e-03
0.27500 1.39626 6.924e-03
0.27550 1.38733 6.924e-03
0.27600 1.37967 6.924e-03
0.27650 1.37855 6.924e-03
0.27700 1.38039 6.924e-03
0.27750 1.39033 6.924e-03
0.27800 1.38012 6.924e-03
0.27850 1.39156 6.924e-03
0.27900 1.38899 6.924e-03
0.27950 1.37552 6.924e-03
0.28000 1.40266 6.924e-03
0.28050 1.38071 6.924e-03
0.28100 1.38539 6.924e-03
0.28150 1.39365 6.924e-03
0.28200 1.38897 6.924e-03
0.28250 1.38114 6.924e-03
0.28300 1.38051 6.924e-03
0.28350 1.38303 6.924e-03
0.28400 1.39121 6.924e-03
0.28450 1.37740 6.924e-03
0.28500 1.38142 6.924e-03
0.28550 1.38077 6.924e-03
0.28600 1.38364 6.924e-03
0.28650 1.38731 6.924e-03
0.28700 1.37780 6.924e-03
0.28750 1.38516 6.924e-03
0.28800 1.38902 6.924e-03
0.28850 1.37767 6.924e-03
0.28900 1.39065 6.924e-03
0.28950 1.39306 6.924e-03
0.29000 1.39348 6.924e-03
0.29050 1.39055 6.924e-03
0.29100 1.40207 6.924e-03
0.29150 1.37598 6.924e-03
0.29200 1.38879 6.924e-03
0.29250 1.37052 6.924e-03
0.29300 1.39477 6.924e-03
0.29350 1.38619 6.924e-03
0.29400 1.37471 6.924e-03
0.29450 1.38458 6.924e-03
0.29500 1.39039 6.924e-03
0.29550 1.38941 6.924e-03
0.29600 1.39253 6.924e-03
0.29650 1.37681 6.924e-03
0.29700 1.38742 6.924e-03
0.29750 1.37861 6.924e-03
0.29800 1.38280 6.924e-03
0.29850 1.39076 6.924e-03
0.29900 1.38011 6.924e-03
0.29950 1.38679 6.924e-03
0.30000 1.39140 6.924e-03
0.30050 1.39347 6.924e-03
0.30100 1.38803 6.924e-03
0.30150 1.38077 6.924e-03
0.30200 1.38967 6.924e-03
0.30250 1.38959 6.924e-03
0.30300 1.37871 6.924e-03
0.30350 1.38735 6.924e-03
0.30400 1.39040 6.924e-03
0.30450 1.39441 6.924e-03
0.30500 1.38969 6.924e-03
0.30550 1.37659 6.924e-03
0.30600 1.38133 6.924e-03
0.30650 1.38174 6.924e-03
0.30700 1.38600 6.924e-03
0.30750 1.39550 6.924e-03
0.30800 1.39441 6.924e-03
0.30850 1.38351 6.924e-03
0.30900 1.37981 6.924e-03
0.30950 1.37892 6.924e-03
0.31000 1.39672 6.924e-03
0.31050 1.38421 6.924e-03
0.31100 1.38788 6.924e-03
0.31150 1.39061 6.924e-03
0.31200 1.39511 6.924e-03
0.31250 1.38142 6.924e-03
0.31300 1.37806 6.924e-03
0.31350 1.37402 6.924e-03
0.31400 1.38967 6.924e-03
0.31450 1.38214 6.924e-03
0.31500 1.38135 6.924e-03
0.31550 1.39373 6.924e-03
0.31600 1.37603 6.924e-03
0.31650 1.38506 6.924e-03
0.31700 1.39919 6.924e-03
0.31750 1.38769 6.924e-03
0.31800 1.37460 6.924e-03
0.31850 1.38981 6.924e-03
0.31900 1.38310 6.924e-03
0.31950 1.38219 6.924e-03
0.32000 1.38918 6.924e-03
0.32050 1.37956 6.924e-03
0.32100 1.38968 6.924e-03
0.32150 1.38774 6.924e-03
0.32200 1.38917 6.924e-03
0.32250 1.39503 6.924e-03
0.32300 1.38790 6.924e-03
0.32350 1.38368 6.924e-03
0.32400 1.37986 6.924e-03
0.32450 1.39553 6.924e-03
0.32500 1.37749 6.924e-03
0.32550 1.38649 6.924e-03
0.32600 1.38510 6.924e-03
0.32650 1.39236 6.924e-03
0.32700 1.37579 6.924e-03
0.32750 1.37967 6.924e-03
0.32800 1.39713 6.924e-03
0.32850 1.38480 6.924e-03
0.32900 1.37908 6.924e-03
0.32950 1.39621 6.924e-03
0.33000 1.38250 6.924e-03
0.33050 1.38874 6.924e-03
0.33100 1.38820 6.924e-03
0.33150 1.38808 6.924e-03
0.33200 1.38464 6.924e-03
0.33250 1.38467 6.924e-03
0.33300 1.38195 6.924e-03
0.33350 1.39375 6.924e-03
0.33400 1.38102 6.924e-03
0.33450 1.38424 6.924e-03
0.33500 1.37319 6.924e-03
0.33550 1.38675 6.924e-03
0.33600 1.38908 6.924e-03
0.33650 1.38557 6.924e-03
0.33700 1.38250 6.924e-03
0.33750 1.37968 6.924e-03
0.33800 1.37792 6.924e-03
0.33850 1.38726 6.924e-03
0.33900 1.39413 6.924e-03
0.33950 1.37624 6.924e-03
0.34000 1.39119 6.924e-03
0.34050 1.36859 6.924e-03
0.34100 1.38578 6.924e-03
0.34150 1.38130 6.924e-03
0.34200 1.38067 6.924e-03
0.34250 1.39960 6.924e-03
0.34300 1.38609 6.924e-03
0.34350 1.38296 6.924e-03
0.34400 1.38185 6.924e-03
0.34450 1.39245 6.924e-03
0.34500 1.37736 6.924e-03
0.34550 1.38215 6.924e-03
0.34600 1.38015 6.924e-03
0.34650 1.38155 6.924e-03
0.34700 1.39542 6.924e-03
0.34750 1.38281 6.924e-03
0.34800 1.38133 6.924e-03
0.34850 1.37435 6.924e-03
0.34900 1.38800 6.924e-03
0.34950 1.38613 6.924e-03
0.35000 1.38494 6.924e-03
0.35050 1.38636 6.924e-03
0.35100 1.39119 6.924e-03
0.35150 1.38992 6.924e-03
0.35200 1.38674 6.924e-03
0.35250 1.38739 6.924e-03
0.35300 1.39601 6.924e-03
0.35350 1.38537 6.924e-03
0.35400 1.38496 6.924e-03
0.35450 1.37368 6.924e-03
0.35500 1.38381 6.924e-03
0.35550 1.38416 6.924e-03
0.35600 1.38713 6.924e-03
0.35650 1.39754 6.924e-03
0.35700 1.38709 6.924e-03
0.35750 1.38081 6.924e-03
0.35800 1.37548 6.924e-03
0.35850 1.38996 6.924e-03
0.35900 1.39132 6.924e-03
0.35950 1.39327 6.924e-03
0.36000 1.37841 6.924e-03
0.36050 1.38335 6.924e-03
0.36100 1.38778 6.924e-03
0.36150 1.38268 6.924e-03
0.36200 1.37148 6.924e-03
0.36250 1.38127 6.924e-03
0.36300 1.39564 6.924e-03
0.36350 1.38570 6.924e-03
0.36400 1.39997 6.924e-03
0.36450 1.38880 6.924e-03
0.36500 1.39326 6.924e-03
0.36550 1.37831 6.924e-03
0.36600 1.38892 6.924e-03
0.36650 1.38986 6.924e-03
0.36700 1.39545 6.924e-03
0.36750 1.38457 6.924e-03
0.36800 1.39026 6.924e-03
0.36850 1.39155 6.924e-03
0.36900 1.37560 6.924e-03
0.36950 1.38446 6.924e-03
0.37000 1.38225 6.924e-03
0.37050 1.39458 6.924e-03
0.37100 1.40359 6.924e-03
0.37150 1.37403 6.924e-03
0.37200 1.36948 6.924e-03
0.37250 1.39768 6.924e-03
0.37300 1.38885 6.924e-03
0.37350 1.38092 6.924e-03
0.37400 1.38413 6.924e-03
0.37450 1.38871 6.924e-03
0.37500 1.37633 6.924e-03
0.37550 1.39599 6.924e-03
0.37600 1.37914 6.924e-03
0.37650 1.39176 6.924e-03
0.37700 1.38315 6.924e-03
0.37750 1.38693 6.924e-03
0.37800 1.38690 6.924e-03
0.37850 1.38129 6.924e-03
0.37900 1.38699 6.924e-03
0.37950 1.38672 6.924e-03
0.38000 1.38010 6.924e-03
0.38050 1.37620 6.924e-03
0.38100 1.38381 6.924e-03
0.38150 1.37834 6.924e-03
0.38200 1.39294 6.924e-03
0.38250 1.37131 6.924e-03
0.38300 1.39043 6.924e-03
0.38350 1.38789 6.924e-03
0.38400 1.38005 6.924e-03
0.38450 1.37869 6.924e-03
0.38500 1.37588 6.924e-03
0.38550 1.38844 6.924e-03
0.38600 1.39676 6.924e-03
0.38650 1.39028 6.924e-03
0.38700 1.38082 6.924e-03
0.38750 1.37265 6.924e-03
0.38800 1.37907 6.924e-03
0.38850 1.37692 6.924e-03
0.38900 1.39286 6.924e-03
0.38950 1.38737 6.924e-03
0.39000 1.37195 6.924e-03
0.39050 1.38204 6.924e-03
0.39100 1.38114 6.924e-03
0.39150 1.39404 6.924e-03
0.39200 1.36788 6.924e-03
0.39250 1.39321 6.924e-03
0.39300 1.38066 6.924e-03
0.39350 1.38857 6.924e-03
0.39400 1.38013 6.924e-03
0.39450 1.39598 6.924e-03
0.39500 1.39894 6.924e-03
0.39550 1.39128 6.924e-03
0.39600 1.37636 6.924e-03
0.39650 1.37406 6.924e-03
0.39700 1.39097 6.924e-03
0.39750 1.38147 6.924e-03
0.39800 1.38949 6.924e-03
0.39850 1.39180 6.924e-03
0.39900 1.38201 6.924e-03
0.39950 1.37708 6.924e-03
0.40000 1.36786 6.924e-03
0.40050 1.38480 6.924e-03
0.40100 1.37922 6.924e-03
0.40150 1.38049 6.924e-03
0.40200 1.38130 6.924e-03
0.40250 1.38482 6.924e-03
0.40300 1.38800 6.924e-03
0.40350 1.39167 6.924e-03
0.40400 1.38605 6.924e-03
0.40450 1.37381 6.924e-03
0.40500 1.38606 6.924e-03
0.40550 1.38652 6.924e-03
0.40600 1.39085 6.924e-03
0.40650 1.38349 6.924e-03
0.40700 1.38066 6.924e-03
0.40750 1.40011 6.924e-03
0.40800 1.38881 6.924e-03
0.40850 1.39516 6.924e-03
0.40900 1.38730 6.924e-03
0.40950 1.38684 6.924e-03
0.41000 1.38364 6.924e-03
0.41050 1.38482 6.924e-03
0.41100 1.38650 6.924e-03
0.41150 1.38532 6.924e-03
0.41200 1.38270 6.924e-03
0.41250 1.39493 6.924e-03
0.41300 1.39109 6.924e-03
0.41350 1.38140 6.924e-03
0.41400 1.38243 6.924e-03
0.41450 1.38094 6.924e-03
0.41500 1.39737 6.924e-03
0.41550 1.38014 6.924e-03
0.41600 1.38490 6.924e-03
0.41650 1.38302 6.924e-03
0.41700 1.40182 6.924e-03
0.41750 1.37925 6.924e-03
0.41800 1.37776 6.924e-03
0.41850 1.38926 6.924e-03
0.41900 1.39078 6.924e-03
0.41950 1.38230 6.924e-03
0.42000 1.39413 6.924e-03
0.42050 1.38237 6.924e-03
0.42100 1.38424 6.924e-03
0.42150 1.39140 6.924e-03
0.42200 1.39528 6.924e-03
0.42250 1.38670 6.924e-03
0.42300 1.38458 6.924e-03
0.42350 1.37527 6.924e-03
0.42400 1.37494 6.924e-03
0.42450 1.37686 6.924e-03
0.42500 1.37381 6.924e-03
0.42550 1.37650 6.924e-03
0.42600 1.38911 6.924e-03
0.42650 1.37463 6.924e-03
0.42700 1.36887 6.924e-03
0.42750 1.38553 6.924e-03
0.42800 1.38431 6.924e-03
0.42850 1.37894 6.924e-03
0.42900 1.37022 6.924e-03
0.42950 1.38783 6.924e-03
0.43000 1.36811 6.924e-03
0.43050 1.38088 6.924e-03
0.43100 1.36343 6.924e-03
0.43150 1.37111 6.924e-03
0.43200 1.37243 6.924e-03
0.43250 1.36528 6.924e-03
0.43300 1.36798 6.924e-03
0.43350 1.36674 6.924e-03
0.43400 1.36209 6.924e-03
0.43450 1.35290 6.924e-03
0.43500 1.36522 6.924e-03
0.43550 1.35750 6.924e-03
0.43600 1.33774 6.924e-03
0.43650 1.35620 6.924e-03
0.43700 1.34730 6.924e-03
0.43750 1.36159 6.924e-03
0.43800 1.33536 6.924e-03
0.43850 1.34138 6.924e-03
0.43900 1.34303 6.924e-03
0.43950 1.33857 6.924e-03
0.44000 1.33836 6.924e-03
0.44050 1.33369 6.924e-03
0.44100 1.32556 6.924e-03
0.44150 1.32965 6.924e-03
0.44200 1.32534 6.924e-03
0.44250 1.30663 6.924e-03
0.44300 1.32350 6.924e-03
0.44350 1.31839 6.924e-03
0.44400 1.32200 6.924e-03
0.44450 1.32601 6.924e-03
0.44500 1.31319 6.924e-03
0.44550 1.30869 6.924e-03
0.44600 1.30940 6.924e-03
0.44650 1.30261 6.924e-03
0.44700 1.29439 6.924e-03
0.44750 1.29092 6.924e-03
0.44800 1.29235 6.924e-03
0.44850 1.29717 6.924e-03
0.44900 1.29045 6.924e-03
0.44950 1.28397 6.924e-03
0.45000 1.28899 6.924e-03
0.45050 1.27493 6.924e-03
0.45100 1.27272 6.924e-03
0.45150 1.28913 6.924e-03
0.45200 1.26750 6.924e-03
0.45250 1.27371 6.924e-03
0.45300 1.27816 6.924e-03
0.45350 1.25362 6.924e-03
0.45400 1.26979 6.924e-03
0.45450 1.25900 6.924e-03
0.45500 1.25762 6.924e-03
0.45550 1.25849 6.924e-03
0.45600 1.25813 6.924e-03
0.45650 1.24820 6.924e-03
0.45700 1.24159 6.924e-03
0.45750 1.24368 6.924e-03
0.45800 1.23612 6.924e-03
0.45850 1.23586 6.924e-03
0.45900 1.23671 6.924e-03
0.45950 1.24030 6.924e-03
0.46000 1.22891 6.924e-03
0.46050 1.22833 6.924e-03
0.46100 1.22533 6.924e-03
0.46150 1.22130 6.924e-03
0.46200 1.21777 6.924e-03
0.46250 1.21285 6.924e-03
0.46300 1.21364 6.924e-03
0.46350 1.21855 6.924e-03
0.46400 1.21507 6.924e-03
0.46450 1.19400 6.924e-03
0.46500 1.18787 6.924e-03
0.46550 1.19657 6.924e-03
0.46600 1.20171 6.924e-03
0.46650 1.19329 6.924e-03
0.46700 1.17567 6.924e-03
0.46750 1.17969 6.924e-03
0.46800 1.17816 6.924e-03
0.46850 1.18037 6.924e-03
0.46900 1.18832 6.924e-03
0.46950 1.16997 6.924e-03
0.47000 1.16648 6.924e-03
0.47050 1.17405 6.924e-03
0.47100 1.16658 6.924e-03
0.47150 1.15285 6.924e-03
0.47200 1.16954 6.924e-03
0.47250 1.15814 6.924e-03
0.47300 1.16130 6.924e-03
0.47350 1.15727 6.924e-03
0.47400 1.13647 6.924e-03
0.47450 1.14028 6.924e-03
0.47500 1.15124 6.924e-03
0.47550 1.13458 6.924e-03
0.47600 1.14204 6.924e-03
0.47650 1.12573 6.924e-03
0.47700 1.13911 6.924e-03
0.47750 1.12962 6.924e-03
0.47800 1.12890 6.924e-03
0.47850 1.13005 6.924e-03
0.47900 1.11983 6.924e-03
0.47950 1.11410 6.924e-03
0.48000 1.12240 6.924e-03
0.48050 1.11378 6.924e-03
0.48100 1.13305 6.924e-03
0.48150 1.10301 6.924e-03
0.48200 1.12003 6.924e-03
0.48250 1.12397 6.924e-03
0.48300 1.10624 6.924e-03
0.48350 1.10399 6.924e-03
0.48400 1.12185 6.924e-03
0.48450 1.10638 6.924e-03
0.48500 1.11877 6.924e-03
0.48550 1.11056 6.924e-03
0.48600 1.12748 6.924e-03
0.48650 1.11829 6.924e-03
0.48700 1.12296 6.924e-03
0.48750 1.11159 6.924e-03
0.48800 1.13615 6.924e-03
0.48850 1.10769 6.924e-03
0.48900 1.11312 6.924e-03
0.48950 1.11551 6.924e-03
0.49000 1.12283 6.924e-03
0.49050 1.12217 6.924e-03
0.49100 1.11919 6.924e-03
0.49150 1.12137 6.924e-03
0.49200 1.11583 6.924e-03
0.49250 1.11604 6.924e-03
0.49300 1.11921 6.924e-03
0.49350 1.11233 6.924e-03
0.49400 1.11322 6.924e-03
0.49450 1.10861 6.924e-03
0.49500 1.11276 6.924e-03
0.49550 1.12638 6.924e-03
0.49600 1.11646 6.924e-03
0.49650 1.11479 6.924e-03
0.49700 1.10875 6.924e-03
0.49750 1.10524 6.924e-03
0.49800 1.11559 6.924e-03
0.49850 1.11756 6.924e-03
0.49900 1.11035 6.924e-03
0.49950 1.11772 6.924e-03
0.50000 1.11188 6.924e-03
0.50050 1.12487 6.924e-03
0.50100 1.12011 6.924e-03
0.50150 1.11951 6.924e-03
0.50200 1.12086 6.924e-03
0.50250 1.12314 6.924e-03
0.50300 1.11766 6.924e-03
0.50350 1.12189 6.924e-03
0.50400 1.11757 6.924e-03
0.50450 1.12716 6.924e-03
0.50500 1.11548 6.924e-03
0.50550 1.10715 6.924e-03
0.50600 1.11328 6.924e-03
0.50650 1.10816 6.924e-03
0.50700 1.11571 6.924e-03
0.50750 1.12493 6.924e-03
0.50800 1.11777 6.924e-03
0.50850 1.11207 6.924e-03
0.50900 1.11546 6.924e-03
0.50950 1.12136 6.924e-03
0.51000 1.11198 6.924e-03
0.51050 1.11696 6.924e-03
0.51100 1.12491 6.924e-03
0.51150 1.11554 6.924e-03
0.51200 1.10163 6.924e-03
0.51250 1.11045 6.924e-03
0.51300 1.11285 6.924e-03
0.51350 1.12037 6.924e-03
0.51400 1.12335 6.924e-03
0.51450 1.11696 6.924e-03
0.51500 1.11112 6.924e-03
0.51550 1.10509 6.924e-03
0.51600 1.11626 6.924e-03
0.51650 1.11675 6.924e-03
0.51700 1.10506 6.924e-03
0.51750 1.10413 6.924e-03
0.51800 1.10781 6.924e-03
0.51850 1.11155 6.924e-03
0.51900 1.12052 6.924e-03
0.51950 1.11933 6.924e-03
0.52000 1.12143 6.924e-03
0.52050 1.12041 6.924e-03
0.52100 1.14151 6.924e-03
0.52150 1.11794 6.924e-03
0.52200 1.11085 6.924e-03
0.52250 1.13696 6.924e-03
0.52300 1.13619 6.924e-03
0.52350 1.14238 6.924e-03
0.52400 1.13791 6.924e-03
0.52450 1.13964 6.924e-03
0.52500 1.15399 6.924e-03
0.52550 1.15018 6.924e-03
0.52600 1.14646 6.924e-03
0.52650 1.13983 6.924e-03
0.52700 1.15548 6.924e-03
0.52750 1.15693 6.924e-03
0.52800 1.15313 6.924e-03
0.52850 1.15840 6.924e-03
0.52900 1.15909 6.924e-03
0.52950 1.16779 6.924e-03
0.53000 1.16988 6.924e-03
0.53050 1.17675 6.924e-03
0.53100 1.18468 6.924e-03
0.53150 1.18773 6.924e-03
0.53200 1.18016 6.924e-03
0.53250 1.19535 6.924e-03
0.53300 1.18448 6.924e-03
0.53350 1.19353 6.924e-03
0.53400 1.19961 6.924e-03
0.53450 1.19476 6.924e-03
0.53500 1.19435 6.924e-03
0.53550 1.20014 6.924e-03
0.53600 1.20517 6.924e-03
0.53650 1.20859 6.924e-03
0.53700 1.21945 6.924e-03
0.53750 1.20927 6.924e-03
0.53800 1.21521 6.924e-03
0.53850 1.21627 6.924e-03
0.53900 1.22016 6.924e-03
0.53950 1.22164 6.924e-03
0.54000 1.23659 6.924e-03
0.54050 1.22251 6.924e-03
0.54100 1.23645 6.924e-03
0.54150 1.23305 6.924e-03
0.54200 1.23780 6.924e-03
0.54250 1.24007 6.924e-03
0.54300 1.25324 6.924e-03
0.54350 1.24870 6.924e-03
0.54400 1.25080 6.924e-03
0.54450 1.25625 6.924e-03
0.54500 1.25293 6.924e-03
0.54550 1.27351 6.924e-03
0.54600 1.26621 6.924e-03
0.54650 1.26748 6.924e-03
0.54700 1.28194 6.924e-03
0.54750 1.28082 6.924e-03
0.54800 1.28753 6.924e-03
0.54850 1.27490 6.924e-03
0.54900 1.27971 6.924e-03
0.54950 1.27929 6.924e-03
0.55000 1.28363 6.924e-03
0.55050 1.29192 6.924e-03
0.55100 1.29900 6.924e-03
0.55150 1.28345 6.924e-03
0.55200 1.30107 6.924e-03
0.55250 1.29991 6.924e-03
0.55300 1.28847 6.924e-03
0.55350 1.30001 6.924e-03
0.55400 1.31321 6.924e-03
0.55450 1.32006 6.924e-03
0.55500 1.31005 6.924e-03
0.55550 1.31250 6.924e-03
0.55600 1.32325 6.924e-03
0.55650 1.32183 6.924e-03
0.55700 1.31435 6.924e-03
0.55750 1.32830 6.924e-03
0.55800 1.32547 6.924e-03
0.55850 1.32358 6.924e-03
0.55900 1.32808 6.924e-03
0.55950 1.33223 6.924e-03
0.56000 1.32526 6.924e-03
0.56050 1.33004 6.924e-03
0.56100 1.33929 6.924e-03
0.56150 1.34182 6.924e-03
0.56200 1.34935 6.924e-03
0.56250 1.35301 6.924e-03
0.56300 1.33958 6.924e-03
0.56350 1.36139 6.924e-03
0.56400 1.33996 6.924e-03
0.56450 1.36239 6.924e-03
0.56500 1.36721 6.924e-03
0.56550 1.36271 6.924e-03
0.56600 1.35031 6.924e-03
0.56650 1.35515 6.924e-03
0.56700 1.35973 6.924e-03
0.56750 1.35481 6.924e-03
0.56800 1.35243 6.924e-03
0.56850 1.36987 6.924e-03
0.56900 1.37262 6.924e-03
0.56950 1.36496 6.924e-03
0.57000 1.37137 6.924e-03
0.57050 1.37391 6.924e-03
0.57100 1.37627 6.924e-03
0.57150 1.36463 6.924e-03
0.57200 1.36705 6.924e-03
0.57250 1.37573 6.924e-03
0.57300 1.38316 6.924e-03
0.57350 1.39517 6.924e-03
0.57400 1.37508 6.924e-03
0.57450 1.37636 6.924e-03
0.57500 1.38893 6.924e-03
0.57550 1.37954 6.924e-03
0.57600 1.39196 6.924e-03
0.57650 1.38006 6.924e-03
0.57700 1.38637 6.924e-03
0.57750 1.38504 6.924e-03
0.57800 1.38267 6.924e-03
0.57850 1.37615 6.924e-03
0.57900 1.37625 6.924e-03
0.57950 1.38025 6.924e-03
0.58000 1.36952 6.924e-03
0.58050 1.37493 6.924e-03
0.58100 1.36826 6.924e-03
0.58150 1.38784 6.924e-03
0.58200 1.38382 6.924e-03
0.58250 1.36576 6.924e-03
0.58300 1.38800 6.924e-03
0.58350 1.36882 6.924e-03
0.58400 1.39998 6.924e-03
0.58450 1.37984 6.924e-03
0.58500 1.37635 6.924e-03
0.58550 1.38073 6.924e-03
0.58600 1.38451 6.924e-03
0.58650 1.39361 6.924e-03
0.58700 1.38175 6.924e-03
0.58750 1.38139 6.924e-03
0.58800 1.40119 6.924e-03
0.58850 1.37299 6.924e-03
0.58900 1.39171 6.924e-03
0.58950 1.39833 6.924e-03
0.59000 1.40012 6.924e-03
0.59050 1.38326 6.924e-03
0.59100 1.38354 6.924e-03
0.59150 1.38517 6.924e-03
0.59200 1.38543 6.924e-03
0.59250 1.37773 6.924e-03
0.59300 1.38914 6.924e-03
0.59350 1.39253 6.924e-03
0.59400 1.36311 6.924e-03
0.59450 1.39058 6.924e-03
0.59500 1.37303 6.924e-03
0.59550 1.37459 6.924e-03
0.59600 1.38128 6.924e-03
0.59650 1.38195 6.924e-03
0.59700 1.37834 6.924e-03
0.59750 1.37883 6.924e-03
0.59800 1.36823 6.924e-03
0.59850 1.38469 6.924e-03
0.59900 1.39865 6.924e-03
0.59950 1.37791 6.924e-03
0.60000 1.38771 6.924e-03
0.60050 1.38793 6.924e-03
0.60100 1.39185 6.924e-03
0.60150 1.39542 6.924e-03
0.60200 1.39001 6.924e-03
0.60250 1.39294 6.924e-03
0.60300 1.38488 6.924e-03
0.60350 1.37916 6.924e-03
0.60400 1.38049 6.924e-03
0.60450 1.38685 6.924e-03
0.60500 1.38913 6.924e-03
0.60550 1.38566 6.924e-03
0.60600 1.38720 6.924e-03
0.60650 1.39016 6.924e-03
0.60700 1.38280 6.924e-03
0.60750 1.38166 6.924e-03
0.60800 1.39478 6.924e-03
0.60850 1.38683 6.924e-03
0.60900 1.39319 6.924e-03
0.60950 1.38765 6.924e-03
0.61000 1.38026 6.924e-03
0.61050 1.37878 6.924e-03
0.61100 1.37787 6.924e-03
0.61150 1.38565 6.924e-03
0.61200 1.38678 6.924e-03
0.61250 1.38612 6.924e-03
0.61300 1.39079 6.924e-03
0.61350 1.38004 6.924e-03
0.61400 1.38443 6.924e-03
0.61450 1.38937 6.924e-03
0.61500 1.38706 6.924e-03
0.61550 1.39275 6.924e-03
0.61600 1.37959 6.924e-03
0.61650 1.39193 6.924e-03
0.61700 1.38206 6.924e-03
0.61750 1.38071 6.924e-03
0.61800 1.38486 6.924e-03
0.61850 1.36995 6.924e-03
0.61900 1.38748 6.924e-03
0.61950 1.39578 6.924e-03
0.62000 1.39112 6.924e-03
0.62050 1.37863 6.924e-03
0.62100 1.37864 6.924e-03
0.62150 1.38820 6.924e-03
0.62200 1.38166 6.924e-03
0.62250 1.37191 6.924e-03
0.62300 1.38549 6.924e-03
0.62350 1.38150 6.924e-03
0.62400 1.38484 6.924e-03
0.62450 1.38718 6.924e-03
0.62500 1.38213 6.924e-03
0.62550 1.38246 6.924e-03
0.62600 1.39801 6.924e-03
0.62650 1.38433 6.924e-03
0.62700 1.37959 6.924e-03
0.62750 1.38141 6.924e-03
0.62800 1.38235 6.924e-03
0.62850 1.38356 6.924e-03
0.62900 1.38561 6.924e-03
0.62950 1.39010 6.924e-03
0.63000 1.38150 6.924e-03
0.63050 1.38062 6.924e-03
0.63100 1.37082 6.924e-03
0.63150 1.37194 6.924e-03
0.63200 1.37837 6.924e-03
0.63250 1.38877 6.924e-03
0.63300 1.39503 6.924e-03
0.63350 1.37916 6.924e-03
0.63400 1.39089 6.924e-03
0.63450 1.38261 6.924e-03
0.63500 1.38599 6.924e-03
0.63550 1.38219 6.924e-03
0.63600 1.39452 6.924e-03
0.63650 1.39375 6.924e-03
0.63700 1.39710 6.924e-03
0.63750 1.39909 6.924e-03
0.63800 1.38815 6.924e-03
0.63850 1.38210 6.924e-03
0.63900 1.38516 6.924e-03
0.63950 1.38652 6.924e-03
0.64000 1.37801 6.924e-03
0.64050 1.38511 6.924e-03
0.64100 1.39092 6.924e-03
0.64150 1.37937 6.924e-03
0.64200 1.37345 6.924e-03
0.64250 1.38791 6.924e-03
0.64300 1.37799 6.924e-03
0.64350 1.38764 6.924e-03
0.64400 1.37898 6.924e-03
0.64450 1.39438 6.924e-03
0.64500 1.38423 6.924e-03
0.64550 1.38848 6.924e-03
0.64600 1.38946 6.924e-03
0.64650 1.38588 6.924e-03
0.64700 1.37984 6.924e-03
0.64750 1.39299 6.924e-03
0.64800 1.38303 6.924e-03
0.64850 1.37913 6.924e-03
0.64900 1.39029 6.924e-03
0.64950 1.39019 6.924e-03
0.65000 1.37589 6.924e-03
0.65050 1.37827 6.924e-03
0.65100 1.38701 6.924e-03
0.65150 1.38926 6.924e-03
0.65200 1.39049 6.924e-03
0.65250 1.36745 6.924e-03
0.65300 1.38612 6.924e-03
0.65350 1.38525 6.924e-03
0.65400 1.38550 6.924e-03
0.65450 1.37687 6.924e-03
0.65500 1.39528 6.924e-03
0.65550 1.37302 6.924e-03
0.65600 1.38827 6.924e-03
0.65650 1.38163 6.924e-03
0.65700 1.39433 6.924e-03
0.65750 1.37602 6.924e-03
0.65800 1.39037 6.924e-03
0.65850 1.38465 6.924e-03
0.65900 1.37278 6.924e-03
0.65950 1.37691 6.924e-03
0.66000 1.38757 6.924e-03
0.66050 1.38042 6.924e-03
0.66100 1.37623 6.924e-03
0.66150 1.38320 6.924e-03
0.66200 1.39810 6.924e-03
0.66250 1.38353 6.924e-03
0.66300 1.39217 6.924e-03
0.66350 1.38702 6.924e-03
0.66400 1.38349 6.924e-03
0.66450 1.39320 6.924e-03
0.66500 1.39265 6.924e-03
0.66550 1.39517 6.924e-03
0.66600 1.38221 6.924e-03
0.66650 1.37523 6.924e-03
0.66700 1.37994 6.924e-03
0.66750 1.37560 6.924e-03
0.66800 1.38285 6.924e-03
0.66850 1.37955 6.924e-03
0.66900 1.39232 6.924e-03
0.66950 1.38515 6.924e-03
0.67000 1.37882 6.924e-03
0.67050 1.37614 6.924e-03
0.67100 1.38066 6.924e-03
0.67150 1.36919 6.924e-03
0.67200 1.37932 6.924e-03
0.67250 1.38018 6.924e-03
0.67300 1.38593 6.924e-03
0.67350 1.38963 6.924e-03
0.67400 1.38085 6.924e-03
0.67450 1.37977 6.924e-03
0.67500 1.38601 6.924e-03
0.67550 1.38185 6.924e-03
0.67600 1.38489 6.924e-03
0.67650 1.38207 6.924e-03
0.67700 1.37961 6.924e-03
0.67750 1.38934 6.924e-03
0.67800 1.39214 6.924e-03
0.67850 1.39095 6.924e-03
0.67900 1.38935 6.924e-03
0.67950 1.37784 6.924e-03
0.68000 1.38118 6.924e-03
0.68050 1.38156 6.924e-03
0.68100 1.38208 6.924e-03
0.68150 1.39105 6.924e-03
0.68200 1.39251 6.924e-03
0.68250 1.39350 6.924e-03
0.68300 1.39154 6.924e-03
0.68350 1.39480 6.924e-03
0.68400 1.37169 6.924e-03
0.68450 1.38911 6.924e-03
0.68500 1.39256 6.924e-03
0.68550 1.38023 6.924e-03
0.68600 1.37228 6.924e-03
0.68650 1.37095 6.924e-03
0.68700 1.37835 6.924e-03
0.68750 1.38960 6.924e-03
0.68800 1.39783 6.924e-03
0.68850 1.38808 6.924e-03
0.68900 1.38694 6.924e-03
0.68950 1.37420 6.924e-03
0.69000 1.38258 6.924e-03
0.69050 1.38816 6.924e-03
0.69100 1.37560 6.924e-03
0.69150 1.39011 6.924e-03
0.69200 1.38482 6.924e-03
0.69250 1.38010 6.924e-03
0.69300 1.37786 6.924e-03
0.69350 1.38739 6.924e-03
0.69400 1.37498 6.924e-03
0.69450 1.38608 6.924e-03
0.69500 1.38621 6.924e-03
0.69550 1.36737 6.924e-03
0.69600 1.39319 6.924e-03
0.69650 1.38760 6.924e-03
0.69700 1.38678 6.924e-03
0.69750 1.39017 6.924e-03
0.69800 1.38326 6.924e-03
0.69850 1.38095 6.924e-03
0.69900 1.38591 6.924e-03
0.69950 1.38865 6.924e-03
0.70000 1.38087 6.924e-03
0.70050 1.39336 6.924e-03
0.70100 1.38531 6.924e-03
0.70150 1.39299 6.924e-03
0.70200 1.38521 6.924e-03
0.70250 1.38127 6.924e-03
0.70300 1.39399 6.924e-03
0.70350 1.38783 6.924e-03
0.70400 1.39272 6.924e-03
0.70450 1.37874 6.924e-03
0.70500 1.39223 6.924e-03
0.70550 1.38656 6.924e-03
0.70600 1.39351 6.924e-03
0.70650 1.39245 6.924e-03
0.70700 1.38753 6.924e-03
0.70750 1.39285 6.924e-03
0.70800 1.37847 6.924e-03
0.70850 1.37247 6.924e-03
0.70900 1.39068 6.924e-03
0.70950 1.38431 6.924e-03
0.71000 1.38166 6.924e-03
0.71050 1.37985 6.924e-03
0.71100 1.38726 6.924e-03
0.71150 1.39891 6.924e-03
0.71200 1.38636 6.924e-03
0.71250 1.37993 6.924e-03
0.71300 1.38888 6.924e-03
0.71350 1.37670 6.924e-03
0.71400 1.37679 6.924e-03
0.71450 1.39029 6.924e-03
0.71500 1.38051 6.924e-03
0.71550 1.38596 6.924e-03
0.71600 1.37492 6.924e-03
0.71650 1.38248 6.924e-03
0.71700 1.37760 6.924e-03
0.71750 1.38372 6.924e-03
0.71800 1.37914 6.924e-03
0.71850 1.38297 6.924e-03
0.71900 1.37727 6.924e-03
0.71950 1.38399 6.924e-03
0.72000 1.36657 6.924e-03
0.72050 1.39387 6.924e-03
0.72100 1.38830 6.924e-03
0.72150 1.38014 6.924e-03
0.72200 1.39035 6.924e-03
0.72250 1.37127 6.924e-03
0.72300 1.39902 6.924e-03
0.72350 1.39559 6.924e-03
0.72400 1.38018 6.924e-03
0.72450 1.38542 6.924e-03
0.72500 1.38075 6.924e-03
0.72550 1.38908 6.924e-03
0.72600 1.38667 6.924e-03
0.72650 1.38675 6.924e-03
0.72700 1.39779 6.924e-03
0.72750 1.39499 6.924e-03
0.72800 1.37258 6.924e-03
0.72850 1.39143 6.924e-03
0.72900 1.38243 6.924e-03
0.72950 1.38369 6.924e-03
0.73000 1.39311 6.924e-03
0.73050 1.38287 6.924e-03
0.73100 1.38838 6.924e-03
0.73150 1.39446 6.924e-03
0.73200 1.37589 6.924e-03
0.73250 1.37755 6.924e-03
0.73300 1.38800 6.924e-03
0.73350 1.38478 6.924e-03
0.73400 1.38898 6.924e-03
0.73450 1.38300 6.924e-03
0.73500 1.36660 6.924e-03
0.73550 1.39440 6.924e-03
0.73600 1.38968 6.924e-03
0.73650 1.38756 6.924e-03
0.73700 1.37717 6.924e-03
0.73750 1.38931 6.924e-03
0.73800 1.39092 6.924e-03
0.73850 1.38184 6.924e-03
0.73900 1.39089 6.924e-03
0.73950 1.38126 6.924e-03
0.74000 1.39163 6.924e-03
0.74050 1.38550 6.924e-03
0.74100 1.37798 6.924e-03
0.74150 1.39686 6.924e-03
0.74200 1.38686 6.924e-03
0.74250 1.38599 6.924e-03
0.74300 1.38951 6.924e-03
0.74350 1.38854 6.924e-03
0.74400 1.39255 6.924e-03
0.74450 1.38791 6.924e-03
0.74500 1.38786 6.924e-03
0.74550 1.39502 6.924e-03
0.74600 1.37713 6.924e-03
0.74650 1.39088 6.924e-03
0.74700 1.38393 6.924e-03
0.74750 1.38588 6.924e-03
0.74800 1.37144 6.924e-03
0.74850 1.38287 6.924e-03
0.74900 1.38523 6.924e-03
0.74950 1.39042 6.924e-03
0.75000 1.38865 6.924e-03
0.75050 1.38473 6.924e-03
0.75100 1.38142 6.924e-03
0.75150 1.38593 6.924e-03
0.75200 1.38771 6.924e-03
0.75250 1.38397 6.924e-03
0.75300 1.38725 6.924e-03
0.75350 1.39426 6.924e-03
0.75400 1.38067 6.924e-03
0.75450 1.38131 6.924e-03
0.75500 1.38378 6.924e-03
0.75550 1.39068 6.924e-03
0.75600 1.38675 6.924e-03
0.75650 1.38823 6.924e-03
0.75700 1.38780 6.924e-03
0.75750 1.37917 6.924e-03
0.75800 1.40058 6.924e-03
0.75850 1.39481 6.924e-03
0.75900 1.37998 6.924e-03
0.75950 1.39711 6.924e-03
0.76000 1.38553 6.924e-03
0.76050 1.38111 6.924e-03
0.76100 1.38068 6.924e-03
0.76150 1.38072 6.924e-03
0.76200 1.38901 6.924e-03
0.76250 1.38553 6.924e-03
0.76300 1.39028 6.924e-03
0.76350 1.38093 6.924e-03
0.76400 1.38016 6.924e-03
0.76450 1.39144 6.924e-03
0.76500 1.38832 6.924e-03
0.76550 1.37653 6.924e-03
0.76600 1.38617 6.924e-03
0.76650 1.38207 6.924e-03
0.76700 1.38584 6.924e-03
0.76750 1.37803 6.924e-03
0.76800 1.38390 6.924e-03
0.76850 1.38661 6.924e-03
0.76900 1.38497 6.924e-03
0.76950 1.37901 6.924e-03
0.77000 1.36937 6.924e-03
0.77050 1.39148 6.924e-03
0.77100 1.38447 6.924e-03
0.77150 1.37955 6.924e-03
0.77200 1.37777 6.924e-03
0.77250 1.37063 6.924e-03
0.77300 1.38428 6.924e-03
0.77350 1.38339 6.924e-03
0.77400 1.37325 6.924e-03
0.77450 1.38920 6.924e-03
0.77500 1.38188 6.924e-03
0.77550 1.38135 6.924e-03
0.77600 1.38759 6.924e-03
0.77650 1.38602 6.924e-03
0.77700 1.38203 6.924e-03
0.77750 1.37960 6.924e-03
0.77800 1.37386 6.924e-03
0.77850 1.38458 6.924e-03
0.77900 1.39324 6.924e-03
0.77950 1.38615 6.924e-03
0.78000 1.37481 6.924e-03
0.78050 1.38669 6.924e-03
0.78100 1.37668 6.924e-03
0.78150 1.38891 6.924e-03
0.78200 1.37841 6.924e-03
0.78250 1.37907 6.924e-03
0.78300 1.37834 6.924e-03
0.78350 1.37880 6.924e-03
0.78400 1.37971 6.924e-03
0.78450 1.38467 6.924e-03
0.78500 1.38149 6.924e-03
0.78550 1.38780 6.924e-03
0.78600 1.38554 6.924e-03
0.78650 1.38776 6.924e-03
0.78700 1.38232 6.924e-03
0.78750 1.39118 6.924e-03
0.78800 1.39088 6.924e-03
0.78850 1.38281 6.924e-03
0.78900 1.38333 6.924e-03
0.78950 1.37509 6.924e-03
0.79000 1.39501 6.924e-03
0.79050 1.37802 6.924e-03
0.79100 1.39098 6.924e-03
0.79150 1.37786 6.924e-03
0.79200 1.38124 6.924e-03
0.79250 1.39277 6.924e-03
0.79300 1.39468 6.924e-03
0.79350 1.39334 6.924e-03
0.79400 1.38565 6.924e-03
0.79450 1.38636 6.924e-03
0.79500 1.39021 6.924e-03
0.79550 1.38074 6.924e-03
0.79600 1.38945 6.924e-03
0.79650 1.37689 6.924e-03
0.79700 1.38289 6.924e-03
0.79750 1.38188 6.924e-03
0.79800 1.38972 6.924e-03
0.79850 1.38558 6.924e-03
0.79900 1.37757 6.924e-03
0.79950 1.40770 6.924e-03
0.80000 1.38668 6.924e-03
0.80050 1.38015 6.924e-03
0.80100 1.38866 6.924e-03
0.80150 1.37735 6.924e-03
0.80200 1.39108 6.924e-03
0.80250 1.38388 6.924e-03
0.80300 1.39040 6.924e-03
0.80350 1.38122 6.924e-03
0.80400 1.38877 6.924e-03
0.80450 1.37982 6.924e-03
0.80500 1.37288 6.924e-03
0.80550 1.38781 6.924e-03
0.80600 1.37778 6.924e-03
0.80650 1.38265 6.924e-03
0.80700 1.39008 6.924e-03
0.80750 1.37376 6.924e-03
0.80800 1.39167 6.924e-03
0.80850 1.39082 6.924e-03
0.80900 1.38806 6.924e-03
0.80950 1.38547 6.924e-03
0.81000 1.38821 6.924e-03
0.81050 1.38809 6.924e-03
0.81100 1.39530 6.924e-03
0.81150 1.38283 6.924e-03
0.81200 1.36862 6.924e-03
0.81250 1.38922 6.924e-03
0.81300 1.38771 6.924e-03
0.81350 1.38552 6.924e-03
0.81400 1.38847 6.924e-03
0.81450 1.38281 6.924e-03
0.81500 1.38199 6.924e-03
0.81550 1.38773 6.924e-03
0.81600 1.38607 6.924e-03
0.81650 1.38627 6.924e-03
0.81700 1.39208 6.924e-03
0.81750 1.37575 6.924e-03
0.81800 1.38379 6.924e-03
0.81850 1.37671 6.924e-03
0.81900 1.38892 6.924e-03
0.81950 1.37936 6.924e-03
0.82000 1.38087 6.924e-03
0.82050 1.38322 6.924e-03
0.82100 1.38387 6.924e-03
0.82150 1.38487 6.924e-03
0.82200 1.38174 6.924e-03
0.82250 1.38401 6.924e-03
0.82300 1.38553 6.924e-03
0.82350 1.38936 6.924e-03
0.82400 1.38405 6.924e-03
0.82450 1.38947 6.924e-03
0.82500 1.39240 6.924e-03
0.82550 1.38518 6.924e-03
0.82600 1.37661 6.924e-03
0.82650 1.38485 6.924e-03
0.82700 1.39227 6.924e-03
0.82750 1.38098 6.924e-03
0.82800 1.38992 6.924e-03
0.82850 1.39283 6.924e-03
0.82900 1.38887 6.924e-03
0.82950 1.38151 6.924e-03
0.83000 1.39018 6.924e-03
0.83050 1.38516 6.924e-03
0.83100 1.39815 6.924e-03
0.83150 1.38326 6.924e-03
0.83200 1.38073 6.924e-03
0.83250 1.38687 6.924e-03
0.83300 1.37543 6.924e-03
0.83350 1.38717 6.924e-03
0.83400 1.38163 6.924e-03
0.83450 1.37742 6.924e-03
0.83500 1.37952 6.924e-03
0.83550 1.38936 6.924e-03
0.83600 1.38936 6.924e-03
0.83650 1.39358 6.924e-03
0.83700 1.38213 6.924e-03
0.83750 1.39443 6.924e-03
0.83800 1.37904 6.924e-03
0.83850 1.39243 6.924e-03
0.83900 1.38738 6.924e-03
0.83950 1.38588 6.924e-03
0.84000 1.38821 6.924e-03
0.84050 1.38658 6.924e-03
0.84100 1.38979 6.924e-03
0.84150 1.38218 6.924e-03
0.84200 1.38348 6.924e-03
0.84250 1.38511 6.924e-03
0.84300 1.38991 6.924e-03
0.84350 1.38139 6.924e-03
0.84400 1.38613 6.924e-03
0.84450 1.39516 6.924e-03
0.84500 1.38510 6.924e-03
0.84550 1.38101 6.924e-03
0.84600 1.38472 6.924e-03
0.84650 1.39707 6.924e-03
0.84700 1.37040 6.924e-03
0.84750 1.38474 6.924e-03
0.84800 1.39374 6.924e-03
0.84850 1.38838 6.924e-03
0.84900 1.38285 6.924e-03
0.84950 1.38157 6.924e-03
0.85000 1.37831 6.924e-03
