# 
# This file contains a simulated light curve of a single orbit of a circular orbit,
# eclipsing binary. The three columns are orbital phase (changes by 1 over the orbit),
# flux, and uncertainty in flux.
# 
-0.15000 0.95978 4.800e-03
-0.14950 0.96636 4.800e-03
-0.14900 0.95812 4.800e-03
-0.14850 0.96558 4.800e-03
-0.14800 0.95665 4.800e-03
-0.14750 0.97440 4.800e-03
-0.14700 0.96159 4.800e-03
-0.14650 0.95195 4.800e-03
-0.14600 0.95305 4.800e-03
-0.14550 0.95316 4.800e-03
-0.14500 0.95968 4.800e-03
-0.14450 0.95993 4.800e-03
-0.14400 0.95706 4.800e-03
-0.14350 0.96071 4.800e-03
-0.14300 0.95886 4.800e-03
-0.14250 0.95386 4.800e-03
-0.14200 0.95870 4.800e-03
-0.14150 0.96493 4.800e-03
-0.14100 0.94868 4.800e-03
-0.14050 0.96045 4.800e-03
-0.14000 0.95885 4.800e-03
-0.13950 0.95947 4.800e-03
-0.13900 0.95528 4.800e-03
-0.13850 0.96609 4.800e-03
-0.13800 0.95716 4.800e-03
-0.13750 0.96640 4.800e-03
-0.13700 0.95024 4.800e-03
-0.13650 0.95786 4.800e-03
-0.13600 0.94397 4.800e-03
-0.13550 0.96091 4.800e-03
-0.13500 0.95383 4.800e-03
-0.13450 0.95284 4.800e-03
-0.13400 0.96686 4.800e-03
-0.13350 0.95343 4.800e-03
-0.13300 0.95772 4.800e-03
-0.13250 0.95501 4.800e-03
-0.13200 0.96883 4.800e-03
-0.13150 0.96265 4.800e-03
-0.13100 0.95705 4.800e-03
-0.13050 0.95626 4.800e-03
-0.13000 0.95622 4.800e-03
-0.12950 0.95873 4.800e-03
-0.12900 0.96328 4.800e-03
-0.12850 0.96385 4.800e-03
-0.12800 0.95049 4.800e-03
-0.12750 0.95481 4.800e-03
-0.12700 0.96122 4.800e-03
-0.12650 0.96060 4.800e-03
-0.12600 0.97123 4.800e-03
-0.12550 0.96081 4.800e-03
-0.12500 0.95966 4.800e-03
-0.12450 0.96070 4.800e-03
-0.12400 0.95914 4.800e-03
-0.12350 0.96378 4.800e-03
-0.12300 0.96151 4.800e-03
-0.12250 0.96173 4.800e-03
-0.12200 0.96065 4.800e-03
-0.12150 0.96695 4.800e-03
-0.12100 0.95530 4.800e-03
-0.12050 0.95656 4.800e-03
-0.12000 0.95774 4.800e-03
-0.11950 0.95442 4.800e-03
-0.11900 0.95498 4.800e-03
-0.11850 0.96912 4.800e-03
-0.11800 0.95849 4.800e-03
-0.11750 0.95939 4.800e-03
-0.11700 0.95680 4.800e-03
-0.11650 0.96126 4.800e-03
-0.11600 0.96149 4.800e-03
-0.11550 0.96077 4.800e-03
-0.11500 0.95315 4.800e-03
-0.11450 0.96180 4.800e-03
-0.11400 0.96647 4.800e-03
-0.11350 0.95603 4.800e-03
-0.11300 0.95924 4.800e-03
-0.11250 0.96205 4.800e-03
-0.11200 0.96677 4.800e-03
-0.11150 0.95734 4.800e-03
-0.11100 0.96981 4.800e-03
-0.11050 0.95626 4.800e-03
-0.11000 0.95871 4.800e-03
-0.10950 0.95811 4.800e-03
-0.10900 0.96413 4.800e-03
-0.10850 0.95921 4.800e-03
-0.10800 0.96046 4.800e-03
-0.10750 0.96117 4.800e-03
-0.10700 0.96059 4.800e-03
-0.10650 0.97089 4.800e-03
-0.10600 0.95860 4.800e-03
-0.10550 0.95372 4.800e-03
-0.10500 0.95629 4.800e-03
-0.10450 0.96246 4.800e-03
-0.10400 0.95732 4.800e-03
-0.10350 0.95861 4.800e-03
-0.10300 0.95867 4.800e-03
-0.10250 0.95875 4.800e-03
-0.10200 0.95812 4.800e-03
-0.10150 0.95648 4.800e-03
-0.10100 0.96419 4.800e-03
-0.10050 0.95518 4.800e-03
-0.10000 0.95180 4.800e-03
-0.09950 0.96065 4.800e-03
-0.09900 0.96361 4.800e-03
-0.09850 0.96303 4.800e-03
-0.09800 0.96537 4.800e-03
-0.09750 0.96556 4.800e-03
-0.09700 0.96422 4.800e-03
-0.09650 0.96054 4.800e-03
-0.09600 0.96331 4.800e-03
-0.09550 0.96012 4.800e-03
-0.09500 0.95512 4.800e-03
-0.09450 0.96693 4.800e-03
-0.09400 0.96642 4.800e-03
-0.09350 0.95943 4.800e-03
-0.09300 0.96147 4.800e-03
-0.09250 0.95245 4.800e-03
-0.09200 0.95434 4.800e-03
-0.09150 0.95749 4.800e-03
-0.09100 0.95564 4.800e-03
-0.09050 0.95695 4.800e-03
-0.09000 0.96175 4.800e-03
-0.08950 0.95527 4.800e-03
-0.08900 0.96102 4.800e-03
-0.08850 0.95754 4.800e-03
-0.08800 0.95352 4.800e-03
-0.08750 0.96323 4.800e-03
-0.08700 0.96071 4.800e-03
-0.08650 0.96302 4.800e-03
-0.08600 0.97074 4.800e-03
-0.08550 0.95384 4.800e-03
-0.08500 0.96413 4.800e-03
-0.08450 0.95597 4.800e-03
-0.08400 0.95799 4.800e-03
-0.08350 0.95596 4.800e-03
-0.08300 0.96207 4.800e-03
-0.08250 0.96698 4.800e-03
-0.08200 0.96318 4.800e-03
-0.08150 0.96322 4.800e-03
-0.08100 0.96684 4.800e-03
-0.08050 0.95822 4.800e-03
-0.08000 0.95586 4.800e-03
-0.07950 0.95799 4.800e-03
-0.07900 0.95938 4.800e-03
-0.07850 0.96232 4.800e-03
-0.07800 0.95725 4.800e-03
-0.07750 0.94976 4.800e-03
-0.07700 0.96420 4.800e-03
-0.07650 0.95569 4.800e-03
-0.07600 0.96164 4.800e-03
-0.07550 0.95846 4.800e-03
-0.07500 0.96527 4.800e-03
-0.07450 0.96823 4.800e-03
-0.07400 0.95169 4.800e-03
-0.07350 0.95512 4.800e-03
-0.07300 0.95558 4.800e-03
-0.07250 0.95762 4.800e-03
-0.07200 0.95306 4.800e-03
-0.07150 0.95381 4.800e-03
-0.07100 0.95778 4.800e-03
-0.07050 0.96275 4.800e-03
-0.07000 0.95838 4.800e-03
-0.06950 0.95984 4.800e-03
-0.06900 0.95738 4.800e-03
-0.06850 0.96117 4.800e-03
-0.06800 0.96153 4.800e-03
-0.06750 0.96026 4.800e-03
-0.06700 0.96015 4.800e-03
-0.06650 0.96318 4.800e-03
-0.06600 0.96209 4.800e-03
-0.06550 0.96384 4.800e-03
-0.06500 0.96178 4.800e-03
-0.06450 0.96281 4.800e-03
-0.06400 0.94747 4.800e-03
-0.06350 0.95671 4.800e-03
-0.06300 0.96373 4.800e-03
-0.06250 0.95941 4.800e-03
-0.06200 0.95991 4.800e-03
-0.06150 0.95944 4.800e-03
-0.06100 0.96010 4.800e-03
-0.06050 0.96768 4.800e-03
-0.06000 0.97007 4.800e-03
-0.05950 0.95985 4.800e-03
-0.05900 0.95687 4.800e-03
-0.05850 0.96030 4.800e-03
-0.05800 0.96486 4.800e-03
-0.05750 0.95725 4.800e-03
-0.05700 0.96359 4.800e-03
-0.05650 0.96746 4.800e-03
-0.05600 0.96538 4.800e-03
-0.05550 0.97043 4.800e-03
-0.05500 0.96071 4.800e-03
-0.05450 0.95354 4.800e-03
-0.05400 0.94804 4.800e-03
-0.05350 0.94454 4.800e-03
-0.05300 0.95646 4.800e-03
-0.05250 0.96133 4.800e-03
-0.05200 0.95675 4.800e-03
-0.05150 0.95067 4.800e-03
-0.05100 0.94948 4.800e-03
-0.05050 0.94987 4.800e-03
-0.05000 0.93706 4.800e-03
-0.04950 0.94483 4.800e-03
-0.04900 0.92483 4.800e-03
-0.04850 0.92884 4.800e-03
-0.04800 0.92623 4.800e-03
-0.04750 0.92770 4.800e-03
-0.04700 0.91873 4.800e-03
-0.04650 0.91200 4.800e-03
-0.04600 0.90397 4.800e-03
-0.04550 0.90433 4.800e-03
-0.04500 0.89577 4.800e-03
-0.04450 0.89152 4.800e-03
-0.04400 0.88117 4.800e-03
-0.04350 0.87661 4.800e-03
-0.04300 0.86401 4.800e-03
-0.04250 0.86234 4.800e-03
-0.04200 0.86392 4.800e-03
-0.04150 0.84739 4.800e-03
-0.04100 0.84637 4.800e-03
-0.04050 0.83407 4.800e-03
-0.04000 0.83478 4.800e-03
-0.03950 0.81353 4.800e-03
-0.03900 0.80499 4.800e-03
-0.03850 0.79847 4.800e-03
-0.03800 0.79226 4.800e-03
-0.03750 0.78827 4.800e-03
-0.03700 0.78256 4.800e-03
-0.03650 0.76453 4.800e-03
-0.03600 0.76940 4.800e-03
-0.03550 0.74585 4.800e-03
-0.03500 0.73988 4.800e-03
-0.03450 0.74028 4.800e-03
-0.03400 0.72829 4.800e-03
-0.03350 0.72889 4.800e-03
-0.03300 0.70499 4.800e-03
-0.03250 0.70752 4.800e-03
-0.03200 0.69894 4.800e-03
-0.03150 0.68715 4.800e-03
-0.03100 0.68521 4.800e-03
-0.03050 0.67502 4.800e-03
-0.03000 0.66285 4.800e-03
-0.02950 0.65281 4.800e-03
-0.02900 0.64571 4.800e-03
-0.02850 0.63391 4.800e-03
-0.02800 0.63056 4.800e-03
-0.02750 0.62573 4.800e-03
-0.02700 0.61903 4.800e-03
-0.02650 0.61679 4.800e-03
-0.02600 0.60001 4.800e-03
-0.02550 0.59155 4.800e-03
-0.02500 0.57954 4.800e-03
-0.02450 0.57260 4.800e-03
-0.02400 0.57234 4.800e-03
-0.02350 0.57313 4.800e-03
-0.02300 0.55377 4.800e-03
-0.02250 0.54380 4.800e-03
-0.02200 0.54332 4.800e-03
-0.02150 0.53457 4.800e-03
-0.02100 0.52507 4.800e-03
-0.02050 0.52928 4.800e-03
-0.02000 0.51842 4.800e-03
-0.01950 0.51750 4.800e-03
-0.01900 0.50809 4.800e-03
-0.01850 0.50423 4.800e-03
-0.01800 0.49338 4.800e-03
-0.01750 0.49505 4.800e-03
-0.01700 0.48314 4.800e-03
-0.01650 0.48600 4.800e-03
-0.01600 0.49077 4.800e-03
-0.01550 0.48140 4.800e-03
-0.01500 0.48437 4.800e-03
-0.01450 0.49232 4.800e-03
-0.01400 0.48034 4.800e-03
-0.01350 0.48711 4.800e-03
-0.01300 0.48299 4.800e-03
-0.01250 0.48451 4.800e-03
-0.01200 0.49473 4.800e-03
-0.01150 0.48513 4.800e-03
-0.01100 0.48476 4.800e-03
-0.01050 0.48739 4.800e-03
-0.01000 0.48254 4.800e-03
-0.00950 0.48590 4.800e-03
-0.00900 0.49390 4.800e-03
-0.00850 0.49190 4.800e-03
-0.00800 0.48843 4.800e-03
-0.00750 0.48136 4.800e-03
-0.00700 0.48456 4.800e-03
-0.00650 0.49074 4.800e-03
-0.00600 0.48815 4.800e-03
-0.00550 0.49267 4.800e-03
-0.00500 0.48744 4.800e-03
-0.00450 0.47983 4.800e-03
-0.00400 0.48448 4.800e-03
-0.00350 0.48968 4.800e-03
-0.00300 0.49012 4.800e-03
-0.00250 0.48542 4.800e-03
-0.00200 0.48784 4.800e-03
-0.00150 0.48422 4.800e-03
-0.00100 0.48286 4.800e-03
-0.00050 0.48837 4.800e-03
0.00000 0.49245 4.800e-03
0.00050 0.48920 4.800e-03
0.00100 0.49478 4.800e-03
0.00150 0.49000 4.800e-03
0.00200 0.47736 4.800e-03
0.00250 0.48373 4.800e-03
0.00300 0.48686 4.800e-03
0.00350 0.49368 4.800e-03
0.00400 0.49160 4.800e-03
0.00450 0.49529 4.800e-03
0.00500 0.48223 4.800e-03
0.00550 0.48881 4.800e-03
0.00600 0.48951 4.800e-03
0.00650 0.49492 4.800e-03
0.00700 0.48123 4.800e-03
0.00750 0.49298 4.800e-03
0.00800 0.48973 4.800e-03
0.00850 0.49184 4.800e-03
0.00900 0.49320 4.800e-03
0.00950 0.48173 4.800e-03
0.01000 0.49193 4.800e-03
0.01050 0.48316 4.800e-03
0.01100 0.48860 4.800e-03
0.01150 0.48592 4.800e-03
0.01200 0.48502 4.800e-03
0.01250 0.48791 4.800e-03
0.01300 0.49019 4.800e-03
0.01350 0.48453 4.800e-03
0.01400 0.48995 4.800e-03
0.01450 0.48925 4.800e-03
0.01500 0.48696 4.800e-03
0.01550 0.48281 4.800e-03
0.01600 0.48308 4.800e-03
0.01650 0.48639 4.800e-03
0.01700 0.49025 4.800e-03
0.01750 0.50256 4.800e-03
0.01800 0.49173 4.800e-03
0.01850 0.49456 4.800e-03
0.01900 0.51207 4.800e-03
0.01950 0.52187 4.800e-03
0.02000 0.52317 4.800e-03
0.02050 0.51998 4.800e-03
0.02100 0.53294 4.800e-03
0.02150 0.52369 4.800e-03
0.02200 0.53957 4.800e-03
0.02250 0.55157 4.800e-03
0.02300 0.55903 4.800e-03
0.02350 0.56245 4.800e-03
0.02400 0.56863 4.800e-03
0.02450 0.57685 4.800e-03
0.02500 0.58252 4.800e-03
0.02550 0.59953 4.800e-03
0.02600 0.59979 4.800e-03
0.02650 0.60743 4.800e-03
0.02700 0.60979 4.800e-03
0.02750 0.61921 4.800e-03
0.02800 0.64106 4.800e-03
0.02850 0.64043 4.800e-03
0.02900 0.64967 4.800e-03
0.02950 0.65991 4.800e-03
0.03000 0.66198 4.800e-03
0.03050 0.67019 4.800e-03
0.03100 0.68353 4.800e-03
0.03150 0.69180 4.800e-03
0.03200 0.69509 4.800e-03
0.03250 0.71150 4.800e-03
0.03300 0.70834 4.800e-03
0.03350 0.72377 4.800e-03
0.03400 0.72339 4.800e-03
0.03450 0.74062 4.800e-03
0.03500 0.75259 4.800e-03
0.03550 0.75412 4.800e-03
0.03600 0.76776 4.800e-03
0.03650 0.76954 4.800e-03
0.03700 0.77568 4.800e-03
0.03750 0.78872 4.800e-03
0.03800 0.79480 4.800e-03
0.03850 0.80535 4.800e-03
0.03900 0.80655 4.800e-03
0.03950 0.80840 4.800e-03
0.04000 0.81494 4.800e-03
0.04050 0.83565 4.800e-03
0.04100 0.84344 4.800e-03
0.04150 0.84888 4.800e-03
0.04200 0.85586 4.800e-03
0.04250 0.86152 4.800e-03
0.04300 0.86499 4.800e-03
0.04350 0.87077 4.800e-03
0.04400 0.87358 4.800e-03
0.04450 0.89428 4.800e-03
0.04500 0.89589 4.800e-03
0.04550 0.89457 4.800e-03
0.04600 0.90283 4.800e-03
0.04650 0.91509 4.800e-03
0.04700 0.91457 4.800e-03
0.04750 0.92562 4.800e-03
0.04800 0.93441 4.800e-03
0.04850 0.93486 4.800e-03
0.04900 0.93631 4.800e-03
0.04950 0.94240 4.800e-03
0.05000 0.95080 4.800e-03
0.05050 0.94289 4.800e-03
0.05100 0.94181 4.800e-03
0.05150 0.96275 4.800e-03
0.05200 0.96398 4.800e-03
0.05250 0.96461 4.800e-03
0.05300 0.95967 4.800e-03
0.05350 0.95039 4.800e-03
0.05400 0.95385 4.800e-03
0.05450 0.96558 4.800e-03
0.05500 0.96142 4.800e-03
0.05550 0.96837 4.800e-03
0.05600 0.96171 4.800e-03
0.05650 0.95748 4.800e-03
0.05700 0.97077 4.800e-03
0.05750 0.95315 4.800e-03
0.05800 0.97005 4.800e-03
0.05850 0.95821 4.800e-03
0.05900 0.95925 4.800e-03
0.05950 0.96097 4.800e-03
0.06000 0.96367 4.800e-03
0.06050 0.94898 4.800e-03
0.06100 0.95731 4.800e-03
0.06150 0.96219 4.800e-03
0.06200 0.95788 4.800e-03
0.06250 0.96255 4.800e-03
0.06300 0.96127 4.800e-03
0.06350 0.95948 4.800e-03
0.06400 0.96105 4.800e-03
0.06450 0.95730 4.800e-03
0.06500 0.95789 4.800e-03
0.06550 0.95697 4.800e-03
0.06600 0.95771 4.800e-03
0.06650 0.96467 4.800e-03
0.06700 0.96793 4.800e-03
0.06750 0.97055 4.800e-03
0.06800 0.95083 4.800e-03
0.06850 0.95704 4.800e-03
0.06900 0.95445 4.800e-03
0.06950 0.96006 4.800e-03
0.07000 0.97088 4.800e-03
0.07050 0.96286 4.800e-03
0.07100 0.95133 4.800e-03
0.07150 0.96053 4.800e-03
0.07200 0.96144 4.800e-03
0.07250 0.96594 4.800e-03
0.07300 0.96736 4.800e-03
0.07350 0.95415 4.800e-03
0.07400 0.96248 4.800e-03
0.07450 0.95966 4.800e-03
0.07500 0.96154 4.800e-03
0.07550 0.95877 4.800e-03
0.07600 0.95950 4.800e-03
0.07650 0.95832 4.800e-03
0.07700 0.95616 4.800e-03
0.07750 0.96316 4.800e-03
0.07800 0.95948 4.800e-03
0.07850 0.96009 4.800e-03
0.07900 0.96079 4.800e-03
0.07950 0.96998 4.800e-03
0.08000 0.97064 4.800e-03
0.08050 0.96318 4.800e-03
0.08100 0.96098 4.800e-03
0.08150 0.96235 4.800e-03
0.08200 0.96018 4.800e-03
0.08250 0.96185 4.800e-03
0.08300 0.95467 4.800e-03
0.08350 0.96158 4.800e-03
0.08400 0.96439 4.800e-03
0.08450 0.97033 4.800e-03
0.08500 0.96401 4.800e-03
0.08550 0.95836 4.800e-03
0.08600 0.96214 4.800e-03
0.08650 0.95063 4.800e-03
0.08700 0.95183 4.800e-03
0.08750 0.96606 4.800e-03
0.08800 0.96156 4.800e-03
0.08850 0.95735 4.800e-03
0.08900 0.96126 4.800e-03
0.08950 0.95482 4.800e-03
0.09000 0.96795 4.800e-03
0.09050 0.96313 4.800e-03
0.09100 0.95097 4.800e-03
0.09150 0.95890 4.800e-03
0.09200 0.97032 4.800e-03
0.09250 0.95382 4.800e-03
0.09300 0.96197 4.800e-03
0.09350 0.96898 4.800e-03
0.09400 0.96294 4.800e-03
0.09450 0.95669 4.800e-03
0.09500 0.95781 4.800e-03
0.09550 0.96414 4.800e-03
0.09600 0.96694 4.800e-03
0.09650 0.95702 4.800e-03
0.09700 0.96070 4.800e-03
0.09750 0.95844 4.800e-03
0.09800 0.96596 4.800e-03
0.09850 0.95613 4.800e-03
0.09900 0.95447 4.800e-03
0.09950 0.96270 4.800e-03
0.10000 0.95445 4.800e-03
0.10050 0.95921 4.800e-03
0.10100 0.96463 4.800e-03
0.10150 0.96065 4.800e-03
0.10200 0.96439 4.800e-03
0.10250 0.96479 4.800e-03
0.10300 0.96083 4.800e-03
0.10350 0.95818 4.800e-03
0.10400 0.96294 4.800e-03
0.10450 0.95625 4.800e-03
0.10500 0.96361 4.800e-03
0.10550 0.96498 4.800e-03
0.10600 0.96046 4.800e-03
0.10650 0.96749 4.800e-03
0.10700 0.96697 4.800e-03
0.10750 0.95608 4.800e-03
0.10800 0.96834 4.800e-03
0.10850 0.96281 4.800e-03
0.10900 0.95635 4.800e-03
0.10950 0.95360 4.800e-03
0.11000 0.95541 4.800e-03
0.11050 0.96282 4.800e-03
0.11100 0.96058 4.800e-03
0.11150 0.95167 4.800e-03
0.11200 0.96500 4.800e-03
0.11250 0.95019 4.800e-03
0.11300 0.95655 4.800e-03
0.11350 0.96340 4.800e-03
0.11400 0.95914 4.800e-03
0.11450 0.96104 4.800e-03
0.11500 0.96017 4.800e-03
0.11550 0.95935 4.800e-03
0.11600 0.96243 4.800e-03
0.11650 0.96562 4.800e-03
0.11700 0.95954 4.800e-03
0.11750 0.95816 4.800e-03
0.11800 0.96242 4.800e-03
0.11850 0.95847 4.800e-03
0.11900 0.95520 4.800e-03
0.11950 0.95814 4.800e-03
0.12000 0.96965 4.800e-03
0.12050 0.96020 4.800e-03
0.12100 0.95064 4.800e-03
0.12150 0.95996 4.800e-03
0.12200 0.95913 4.800e-03
0.12250 0.96516 4.800e-03
0.12300 0.95989 4.800e-03
0.12350 0.96414 4.800e-03
0.12400 0.95689 4.800e-03
0.12450 0.96175 4.800e-03
0.12500 0.94651 4.800e-03
0.12550 0.96354 4.800e-03
0.12600 0.95609 4.800e-03
0.12650 0.95853 4.800e-03
0.12700 0.95941 4.800e-03
0.12750 0.95506 4.800e-03
0.12800 0.96619 4.800e-03
0.12850 0.96707 4.800e-03
0.12900 0.96596 4.800e-03
0.12950 0.94754 4.800e-03
0.13000 0.96760 4.800e-03
0.13050 0.97288 4.800e-03
0.13100 0.96062 4.800e-03
0.13150 0.95919 4.800e-03
0.13200 0.96355 4.800e-03
0.13250 0.95434 4.800e-03
0.13300 0.95248 4.800e-03
0.13350 0.96466 4.800e-03
0.13400 0.95481 4.800e-03
0.13450 0.96132 4.800e-03
0.13500 0.95457 4.800e-03
0.13550 0.96240 4.800e-03
0.13600 0.96543 4.800e-03
0.13650 0.95441 4.800e-03
0.13700 0.95228 4.800e-03
0.13750 0.96355 4.800e-03
0.13800 0.96153 4.800e-03
0.13850 0.96009 4.800e-03
0.13900 0.95318 4.800e-03
0.13950 0.95693 4.800e-03
0.14000 0.95269 4.800e-03
0.14050 0.95629 4.800e-03
0.14100 0.95721 4.800e-03
0.14150 0.95285 4.800e-03
0.14200 0.95868 4.800e-03
0.14250 0.97006 4.800e-03
0.14300 0.95940 4.800e-03
0.14350 0.96075 4.800e-03
0.14400 0.95593 4.800e-03
0.14450 0.96306 4.800e-03
0.14500 0.96175 4.800e-03
0.14550 0.95902 4.800e-03
0.14600 0.96816 4.800e-03
0.14650 0.95981 4.800e-03
0.14700 0.96074 4.800e-03
0.14750 0.96312 4.800e-03
0.14800 0.97393 4.800e-03
0.14850 0.96227 4.800e-03
0.14900 0.97151 4.800e-03
0.14950 0.95456 4.800e-03
0.15000 0.95326 4.800e-03
0.15050 0.95336 4.800e-03
0.15100 0.95944 4.800e-03
0.15150 0.95748 4.800e-03
0.15200 0.96604 4.800e-03
0.15250 0.95941 4.800e-03
0.15300 0.96093 4.800e-03
0.15350 0.96345 4.800e-03
0.15400 0.96272 4.800e-03
0.15450 0.95691 4.800e-03
0.15500 0.95374 4.800e-03
0.15550 0.96255 4.800e-03
0.15600 0.95716 4.800e-03
0.15650 0.95663 4.800e-03
0.15700 0.96022 4.800e-03
0.15750 0.95829 4.800e-03
0.15800 0.96391 4.800e-03
0.15850 0.95285 4.800e-03
0.15900 0.95458 4.800e-03
0.15950 0.95880 4.800e-03
0.16000 0.95535 4.800e-03
0.16050 0.95908 4.800e-03
0.16100 0.96050 4.800e-03
0.16150 0.95699 4.800e-03
0.16200 0.95531 4.800e-03
0.16250 0.96128 4.800e-03
0.16300 0.95493 4.800e-03
0.16350 0.95111 4.800e-03
0.16400 0.96000 4.800e-03
0.16450 0.95271 4.800e-03
0.16500 0.96201 4.800e-03
0.16550 0.96890 4.800e-03
0.16600 0.95535 4.800e-03
0.16650 0.95727 4.800e-03
0.16700 0.96005 4.800e-03
0.16750 0.96646 4.800e-03
0.16800 0.96316 4.800e-03
0.16850 0.96565 4.800e-03
0.16900 0.96917 4.800e-03
0.16950 0.95867 4.800e-03
0.17000 0.95468 4.800e-03
0.17050 0.95238 4.800e-03
0.17100 0.95959 4.800e-03
0.17150 0.96438 4.800e-03
0.17200 0.95566 4.800e-03
0.17250 0.96165 4.800e-03
0.17300 0.96457 4.800e-03
0.17350 0.95872 4.800e-03
0.17400 0.95512 4.800e-03
0.17450 0.95767 4.800e-03
0.17500 0.96100 4.800e-03
0.17550 0.96569 4.800e-03
0.17600 0.96380 4.800e-03
0.17650 0.95458 4.800e-03
0.17700 0.95273 4.800e-03
0.17750 0.95933 4.800e-03
0.17800 0.95231 4.800e-03
0.17850 0.95939 4.800e-03
0.17900 0.96084 4.800e-03
0.17950 0.96070 4.800e-03
0.18000 0.96096 4.800e-03
0.18050 0.95132 4.800e-03
0.18100 0.96756 4.800e-03
0.18150 0.95696 4.800e-03
0.18200 0.95894 4.800e-03
0.18250 0.96096 4.800e-03
0.18300 0.96129 4.800e-03
0.18350 0.95255 4.800e-03
0.18400 0.96115 4.800e-03
0.18450 0.95921 4.800e-03
0.18500 0.96531 4.800e-03
0.18550 0.95975 4.800e-03
0.18600 0.95644 4.800e-03
0.18650 0.95911 4.800e-03
0.18700 0.95197 4.800e-03
0.18750 0.96036 4.800e-03
0.18800 0.95847 4.800e-03
0.18850 0.95619 4.800e-03
0.18900 0.95770 4.800e-03
0.18950 0.96296 4.800e-03
0.19000 0.96332 4.800e-03
0.19050 0.95763 4.800e-03
0.19100 0.95583 4.800e-03
0.19150 0.96552 4.800e-03
0.19200 0.96254 4.800e-03
0.19250 0.95273 4.800e-03
0.19300 0.96096 4.800e-03
0.19350 0.95500 4.800e-03
0.19400 0.96074 4.800e-03
0.19450 0.96661 4.800e-03
0.19500 0.95687 4.800e-03
0.19550 0.96338 4.800e-03
0.19600 0.95777 4.800e-03
0.19650 0.96287 4.800e-03
0.19700 0.95406 4.800e-03
0.19750 0.95995 4.800e-03
0.19800 0.96229 4.800e-03
0.19850 0.95967 4.800e-03
0.19900 0.95571 4.800e-03
0.19950 0.96268 4.800e-03
0.20000 0.96029 4.800e-03
0.20050 0.96222 4.800e-03
0.20100 0.95829 4.800e-03
0.20150 0.95527 4.800e-03
0.20200 0.95783 4.800e-03
0.20250 0.96800 4.800e-03
0.20300 0.95558 4.800e-03
0.20350 0.96308 4.800e-03
0.20400 0.94631 4.800e-03
0.20450 0.96249 4.800e-03
0.20500 0.96147 4.800e-03
0.20550 0.96357 4.800e-03
0.20600 0.96291 4.800e-03
0.20650 0.95824 4.800e-03
0.20700 0.96534 4.800e-03
0.20750 0.95792 4.800e-03
0.20800 0.95425 4.800e-03
0.20850 0.95936 4.800e-03
0.20900 0.96521 4.800e-03
0.20950 0.96135 4.800e-03
0.21000 0.95752 4.800e-03
0.21050 0.95442 4.800e-03
0.21100 0.96489 4.800e-03
0.21150 0.96419 4.800e-03
0.21200 0.96051 4.800e-03
0.21250 0.95549 4.800e-03
0.21300 0.95826 4.800e-03
0.21350 0.96110 4.800e-03
0.21400 0.96215 4.800e-03
0.21450 0.96226 4.800e-03
0.21500 0.95846 4.800e-03
0.21550 0.95286 4.800e-03
0.21600 0.96933 4.800e-03
0.21650 0.96153 4.800e-03
0.21700 0.96188 4.800e-03
0.21750 0.96883 4.800e-03
0.21800 0.95863 4.800e-03
0.21850 0.96664 4.800e-03
0.21900 0.95723 4.800e-03
0.21950 0.95717 4.800e-03
0.22000 0.96053 4.800e-03
0.22050 0.96533 4.800e-03
0.22100 0.95701 4.800e-03
0.22150 0.95515 4.800e-03
0.22200 0.96379 4.800e-03
0.22250 0.96233 4.800e-03
0.22300 0.97090 4.800e-03
0.22350 0.95536 4.800e-03
0.22400 0.96191 4.800e-03
0.22450 0.95897 4.800e-03
0.22500 0.95929 4.800e-03
0.22550 0.94886 4.800e-03
0.22600 0.96153 4.800e-03
0.22650 0.96229 4.800e-03
0.22700 0.95645 4.800e-03
0.22750 0.95887 4.800e-03
0.22800 0.96811 4.800e-03
0.22850 0.95213 4.800e-03
0.22900 0.94725 4.800e-03
0.22950 0.96572 4.800e-03
0.23000 0.96447 4.800e-03
0.23050 0.96541 4.800e-03
0.23100 0.95324 4.800e-03
0.23150 0.95586 4.800e-03
0.23200 0.95611 4.800e-03
0.23250 0.96085 4.800e-03
0.23300 0.96334 4.800e-03
0.23350 0.96129 4.800e-03
0.23400 0.96457 4.800e-03
0.23450 0.96806 4.800e-03
0.23500 0.95960 4.800e-03
0.23550 0.95741 4.800e-03
0.23600 0.96798 4.800e-03
0.23650 0.95412 4.800e-03
0.23700 0.95975 4.800e-03
0.23750 0.96051 4.800e-03
0.23800 0.96054 4.800e-03
0.23850 0.96560 4.800e-03
0.23900 0.96038 4.800e-03
0.23950 0.96228 4.800e-03
0.24000 0.95866 4.800e-03
0.24050 0.95852 4.800e-03
0.24100 0.95004 4.800e-03
0.24150 0.94797 4.800e-03
0.24200 0.95270 4.800e-03
0.24250 0.95539 4.800e-03
0.24300 0.95944 4.800e-03
0.24350 0.95483 4.800e-03
0.24400 0.96266 4.800e-03
0.24450 0.95463 4.800e-03
0.24500 0.95768 4.800e-03
0.24550 0.95701 4.800e-03
0.24600 0.95822 4.800e-03
0.24650 0.95639 4.800e-03
0.24700 0.95022 4.800e-03
0.24750 0.95850 4.800e-03
0.24800 0.97294 4.800e-03
0.24850 0.95793 4.800e-03
0.24900 0.96425 4.800e-03
0.24950 0.95608 4.800e-03
0.25000 0.96135 4.800e-03
0.25050 0.96048 4.800e-03
0.25100 0.95244 4.800e-03
0.25150 0.95460 4.800e-03
0.25200 0.96166 4.800e-03
0.25250 0.96290 4.800e-03
0.25300 0.95626 4.800e-03
0.25350 0.95855 4.800e-03
0.25400 0.95770 4.800e-03
0.25450 0.95852 4.800e-03
0.25500 0.96644 4.800e-03
0.25550 0.95938 4.800e-03
0.25600 0.95783 4.800e-03
0.25650 0.96293 4.800e-03
0.25700 0.94419 4.800e-03
0.25750 0.95787 4.800e-03
0.25800 0.95568 4.800e-03
0.25850 0.95804 4.800e-03
0.25900 0.96333 4.800e-03
0.25950 0.96198 4.800e-03
0.26000 0.96209 4.800e-03
0.26050 0.96237 4.800e-03
0.26100 0.95954 4.800e-03
0.26150 0.96373 4.800e-03
0.26200 0.96736 4.800e-03
0.26250 0.95982 4.800e-03
0.26300 0.95276 4.800e-03
0.26350 0.96100 4.800e-03
0.26400 0.96816 4.800e-03
0.26450 0.96354 4.800e-03
0.26500 0.96105 4.800e-03
0.26550 0.96090 4.800e-03
0.26600 0.95570 4.800e-03
0.26650 0.95688 4.800e-03
0.26700 0.96349 4.800e-03
0.26750 0.95288 4.800e-03
0.26800 0.95242 4.800e-03
0.26850 0.95428 4.800e-03
0.26900 0.95694 4.800e-03
0.26950 0.95665 4.800e-03
0.27000 0.96037 4.800e-03
0.27050 0.95933 4.800e-03
0.27100 0.95358 4.800e-03
0.27150 0.95830 4.800e-03
0.27200 0.95595 4.800e-03
0.27250 0.95813 4.800e-03
0.27300 0.96198 4.800e-03
0.27350 0.96206 4.800e-03
0.27400 0.95944 4.800e-03
0.27450 0.95897 4.800e-03
0.27500 0.96091 4.800e-03
0.27550 0.96683 4.800e-03
0.27600 0.96874 4.800e-03
0.27650 0.95961 4.800e-03
0.27700 0.96287 4.800e-03
0.27750 0.96130 4.800e-03
0.27800 0.96315 4.800e-03
0.27850 0.95512 4.800e-03
0.27900 0.95378 4.800e-03
0.27950 0.96004 4.800e-03
0.28000 0.95080 4.800e-03
0.28050 0.95959 4.800e-03
0.28100 0.96739 4.800e-03
0.28150 0.95673 4.800e-03
0.28200 0.95746 4.800e-03
0.28250 0.96576 4.800e-03
0.28300 0.95826 4.800e-03
0.28350 0.95907 4.800e-03
0.28400 0.96150 4.800e-03
0.28450 0.96000 4.800e-03
0.28500 0.96168 4.800e-03
0.28550 0.94935 4.800e-03
0.28600 0.96513 4.800e-03
0.28650 0.96363 4.800e-03
0.28700 0.96016 4.800e-03
0.28750 0.95796 4.800e-03
0.28800 0.96293 4.800e-03
0.28850 0.96261 4.800e-03
0.28900 0.96272 4.800e-03
0.28950 0.95379 4.800e-03
0.29000 0.96221 4.800e-03
0.29050 0.96266 4.800e-03
0.29100 0.94585 4.800e-03
0.29150 0.95962 4.800e-03
0.29200 0.95295 4.800e-03
0.29250 0.96372 4.800e-03
0.29300 0.95562 4.800e-03
0.29350 0.96333 4.800e-03
0.29400 0.95795 4.800e-03
0.29450 0.96456 4.800e-03
0.29500 0.96082 4.800e-03
0.29550 0.95903 4.800e-03
0.29600 0.96437 4.800e-03
0.29650 0.96148 4.800e-03
0.29700 0.96346 4.800e-03
0.29750 0.96136 4.800e-03
0.29800 0.96379 4.800e-03
0.29850 0.95786 4.800e-03
0.29900 0.96576 4.800e-03
0.29950 0.95824 4.800e-03
0.30000 0.96402 4.800e-03
0.30050 0.96286 4.800e-03
0.30100 0.95900 4.800e-03
0.30150 0.96274 4.800e-03
0.30200 0.95579 4.800e-03
0.30250 0.96099 4.800e-03
0.30300 0.95535 4.800e-03
0.30350 0.96531 4.800e-03
0.30400 0.96091 4.800e-03
0.30450 0.95480 4.800e-03
0.30500 0.95245 4.800e-03
0.30550 0.96541 4.800e-03
0.30600 0.96340 4.800e-03
0.30650 0.95703 4.800e-03
0.30700 0.95416 4.800e-03
0.30750 0.96621 4.800e-03
0.30800 0.95764 4.800e-03
0.30850 0.95698 4.800e-03
0.30900 0.95541 4.800e-03
0.30950 0.96194 4.800e-03
0.31000 0.96498 4.800e-03
0.31050 0.96543 4.800e-03
0.31100 0.95134 4.800e-03
0.31150 0.96215 4.800e-03
0.31200 0.96765 4.800e-03
0.31250 0.95536 4.800e-03
0.31300 0.95836 4.800e-03
0.31350 0.95078 4.800e-03
0.31400 0.96235 4.800e-03
0.31450 0.96357 4.800e-03
0.31500 0.96181 4.800e-03
0.31550 0.95934 4.800e-03
0.31600 0.95200 4.800e-03
0.31650 0.95845 4.800e-03
0.31700 0.95476 4.800e-03
0.31750 0.96216 4.800e-03
0.31800 0.96411 4.800e-03
0.31850 0.96117 4.800e-03
0.31900 0.95796 4.800e-03
0.31950 0.95108 4.800e-03
0.32000 0.96193 4.800e-03
0.32050 0.95571 4.800e-03
0.32100 0.96604 4.800e-03
0.32150 0.95921 4.800e-03
0.32200 0.96363 4.800e-03
0.32250 0.96823 4.800e-03
0.32300 0.96163 4.800e-03
0.32350 0.96491 4.800e-03
0.32400 0.96150 4.800e-03
0.32450 0.95331 4.800e-03
0.32500 0.96538 4.800e-03
0.32550 0.95893 4.800e-03
0.32600 0.95551 4.800e-03
0.32650 0.96656 4.800e-03
0.32700 0.96061 4.800e-03
0.32750 0.96048 4.800e-03
0.32800 0.95260 4.800e-03
0.32850 0.96446 4.800e-03
0.32900 0.95942 4.800e-03
0.32950 0.95752 4.800e-03
0.33000 0.95860 4.800e-03
0.33050 0.96145 4.800e-03
0.33100 0.97071 4.800e-03
0.33150 0.96052 4.800e-03
0.33200 0.95213 4.800e-03
0.33250 0.96217 4.800e-03
0.33300 0.95671 4.800e-03
0.33350 0.96114 4.800e-03
0.33400 0.95925 4.800e-03
0.33450 0.95343 4.800e-03
0.33500 0.96156 4.800e-03
0.33550 0.95119 4.800e-03
0.33600 0.96049 4.800e-03
0.33650 0.96820 4.800e-03
0.33700 0.95975 4.800e-03
0.33750 0.95526 4.800e-03
0.33800 0.96736 4.800e-03
0.33850 0.96743 4.800e-03
0.33900 0.95884 4.800e-03
0.33950 0.95351 4.800e-03
0.34000 0.95774 4.800e-03
0.34050 0.95296 4.800e-03
0.34100 0.96241 4.800e-03
0.34150 0.95637 4.800e-03
0.34200 0.95858 4.800e-03
0.34250 0.96186 4.800e-03
0.34300 0.96237 4.800e-03
0.34350 0.96729 4.800e-03
0.34400 0.96116 4.800e-03
0.34450 0.95231 4.800e-03
0.34500 0.96436 4.800e-03
0.34550 0.96081 4.800e-03
0.34600 0.96538 4.800e-03
0.34650 0.96427 4.800e-03
0.34700 0.96389 4.800e-03
0.34750 0.95975 4.800e-03
0.34800 0.95293 4.800e-03
0.34850 0.95723 4.800e-03
0.34900 0.95973 4.800e-03
0.34950 0.96754 4.800e-03
0.35000 0.95525 4.800e-03
0.35050 0.96572 4.800e-03
0.35100 0.95701 4.800e-03
0.35150 0.96731 4.800e-03
0.35200 0.96502 4.800e-03
0.35250 0.95843 4.800e-03
0.35300 0.95803 4.800e-03
0.35350 0.96209 4.800e-03
0.35400 0.96344 4.800e-03
0.35450 0.95305 4.800e-03
0.35500 0.96224 4.800e-03
0.35550 0.96290 4.800e-03
0.35600 0.95872 4.800e-03
0.35650 0.95858 4.800e-03
0.35700 0.96997 4.800e-03
0.35750 0.95893 4.800e-03
0.35800 0.96701 4.800e-03
0.35850 0.96117 4.800e-03
0.35900 0.96092 4.800e-03
0.35950 0.97100 4.800e-03
0.36000 0.95890 4.800e-03
0.36050 0.95495 4.800e-03
0.36100 0.95753 4.800e-03
0.36150 0.95694 4.800e-03
0.36200 0.96149 4.800e-03
0.36250 0.96479 4.800e-03
0.36300 0.96316 4.800e-03
0.36350 0.96701 4.800e-03
0.36400 0.95557 4.800e-03
0.36450 0.95950 4.800e-03
0.36500 0.95131 4.800e-03
0.36550 0.96875 4.800e-03
0.36600 0.96096 4.800e-03
0.36650 0.95808 4.800e-03
0.36700 0.96284 4.800e-03
0.36750 0.94837 4.800e-03
0.36800 0.95755 4.800e-03
0.36850 0.95468 4.800e-03
0.36900 0.96737 4.800e-03
0.36950 0.95948 4.800e-03
0.37000 0.95936 4.800e-03
0.37050 0.95857 4.800e-03
0.37100 0.96671 4.800e-03
0.37150 0.96511 4.800e-03
0.37200 0.95786 4.800e-03
0.37250 0.96441 4.800e-03
0.37300 0.96137 4.800e-03
0.37350 0.96806 4.800e-03
0.37400 0.96638 4.800e-03
0.37450 0.96402 4.800e-03
0.37500 0.96477 4.800e-03
0.37550 0.96539 4.800e-03
0.37600 0.96292 4.800e-03
0.37650 0.95255 4.800e-03
0.37700 0.96474 4.800e-03
0.37750 0.95815 4.800e-03
0.37800 0.96328 4.800e-03
0.37850 0.95479 4.800e-03
0.37900 0.95925 4.800e-03
0.37950 0.96466 4.800e-03
0.38000 0.96307 4.800e-03
0.38050 0.96309 4.800e-03
0.38100 0.95760 4.800e-03
0.38150 0.95093 4.800e-03
0.38200 0.95837 4.800e-03
0.38250 0.96176 4.800e-03
0.38300 0.94782 4.800e-03
0.38350 0.95448 4.800e-03
0.38400 0.94980 4.800e-03
0.38450 0.95687 4.800e-03
0.38500 0.95908 4.800e-03
0.38550 0.96042 4.800e-03
0.38600 0.95828 4.800e-03
0.38650 0.96642 4.800e-03
0.38700 0.96035 4.800e-03
0.38750 0.96077 4.800e-03
0.38800 0.96609 4.800e-03
0.38850 0.96588 4.800e-03
0.38900 0.95630 4.800e-03
0.38950 0.95104 4.800e-03
0.39000 0.96158 4.800e-03
0.39050 0.96419 4.800e-03
0.39100 0.96435 4.800e-03
0.39150 0.96363 4.800e-03
0.39200 0.96628 4.800e-03
0.39250 0.95539 4.800e-03
0.39300 0.96193 4.800e-03
0.39350 0.96829 4.800e-03
0.39400 0.96326 4.800e-03
0.39450 0.96100 4.800e-03
0.39500 0.95911 4.800e-03
0.39550 0.96190 4.800e-03
0.39600 0.95177 4.800e-03
0.39650 0.95701 4.800e-03
0.39700 0.96035 4.800e-03
0.39750 0.95781 4.800e-03
0.39800 0.96388 4.800e-03
0.39850 0.96049 4.800e-03
0.39900 0.95287 4.800e-03
0.39950 0.95620 4.800e-03
0.40000 0.96158 4.800e-03
0.40050 0.95390 4.800e-03
0.40100 0.96307 4.800e-03
0.40150 0.96817 4.800e-03
0.40200 0.96239 4.800e-03
0.40250 0.96256 4.800e-03
0.40300 0.94908 4.800e-03
0.40350 0.95586 4.800e-03
0.40400 0.96136 4.800e-03
0.40450 0.96138 4.800e-03
0.40500 0.94788 4.800e-03
0.40550 0.95805 4.800e-03
0.40600 0.95882 4.800e-03
0.40650 0.96221 4.800e-03
0.40700 0.95834 4.800e-03
0.40750 0.95804 4.800e-03
0.40800 0.95556 4.800e-03
0.40850 0.95490 4.800e-03
0.40900 0.96489 4.800e-03
0.40950 0.96272 4.800e-03
0.41000 0.95977 4.800e-03
0.41050 0.94955 4.800e-03
0.41100 0.95546 4.800e-03
0.41150 0.95661 4.800e-03
0.41200 0.95955 4.800e-03
0.41250 0.96678 4.800e-03
0.41300 0.95751 4.800e-03
0.41350 0.95605 4.800e-03
0.41400 0.96316 4.800e-03
0.41450 0.96431 4.800e-03
0.41500 0.95617 4.800e-03
0.41550 0.96158 4.800e-03
0.41600 0.95557 4.800e-03
0.41650 0.95761 4.800e-03
0.41700 0.96140 4.800e-03
0.41750 0.95923 4.800e-03
0.41800 0.96944 4.800e-03
0.41850 0.96450 4.800e-03
0.41900 0.95652 4.800e-03
0.41950 0.96120 4.800e-03
0.42000 0.96352 4.800e-03
0.42050 0.96405 4.800e-03
0.42100 0.94517 4.800e-03
0.42150 0.96043 4.800e-03
0.42200 0.95727 4.800e-03
0.42250 0.96286 4.800e-03
0.42300 0.95841 4.800e-03
0.42350 0.95733 4.800e-03
0.42400 0.95943 4.800e-03
0.42450 0.95610 4.800e-03
0.42500 0.95756 4.800e-03
0.42550 0.96620 4.800e-03
0.42600 0.95177 4.800e-03
0.42650 0.96294 4.800e-03
0.42700 0.96580 4.800e-03
0.42750 0.96681 4.800e-03
0.42800 0.95992 4.800e-03
0.42850 0.96546 4.800e-03
0.42900 0.96400 4.800e-03
0.42950 0.95825 4.800e-03
0.43000 0.96502 4.800e-03
0.43050 0.96430 4.800e-03
0.43100 0.96403 4.800e-03
0.43150 0.96363 4.800e-03
0.43200 0.95343 4.800e-03
0.43250 0.96738 4.800e-03
0.43300 0.96900 4.800e-03
0.43350 0.95562 4.800e-03
0.43400 0.95919 4.800e-03
0.43450 0.95808 4.800e-03
0.43500 0.96063 4.800e-03
0.43550 0.96206 4.800e-03
0.43600 0.96339 4.800e-03
0.43650 0.96442 4.800e-03
0.43700 0.96480 4.800e-03
0.43750 0.95566 4.800e-03
0.43800 0.96166 4.800e-03
0.43850 0.95247 4.800e-03
0.43900 0.95407 4.800e-03
0.43950 0.96482 4.800e-03
0.44000 0.95583 4.800e-03
0.44050 0.95095 4.800e-03
0.44100 0.96118 4.800e-03
0.44150 0.96643 4.800e-03
0.44200 0.95412 4.800e-03
0.44250 0.95981 4.800e-03
0.44300 0.95744 4.800e-03
0.44350 0.95495 4.800e-03
0.44400 0.96540 4.800e-03
0.44450 0.95313 4.800e-03
0.44500 0.95260 4.800e-03
0.44550 0.95435 4.800e-03
0.44600 0.95959 4.800e-03
0.44650 0.95464 4.800e-03
0.44700 0.95952 4.800e-03
0.44750 0.95059 4.800e-03
0.44800 0.95684 4.800e-03
0.44850 0.95868 4.800e-03
0.44900 0.95187 4.800e-03
0.44950 0.96032 4.800e-03
0.45000 0.96217 4.800e-03
0.45050 0.95477 4.800e-03
0.45100 0.95085 4.800e-03
0.45150 0.95947 4.800e-03
0.45200 0.95298 4.800e-03
0.45250 0.95756 4.800e-03
0.45300 0.94587 4.800e-03
0.45350 0.94901 4.800e-03
0.45400 0.93642 4.800e-03
0.45450 0.94987 4.800e-03
0.45500 0.95120 4.800e-03
0.45550 0.94146 4.800e-03
0.45600 0.94809 4.800e-03
0.45650 0.94776 4.800e-03
0.45700 0.94780 4.800e-03
0.45750 0.93941 4.800e-03
0.45800 0.93664 4.800e-03
0.45850 0.93180 4.800e-03
0.45900 0.93454 4.800e-03
0.45950 0.93251 4.800e-03
0.46000 0.93376 4.800e-03
0.46050 0.92615 4.800e-03
0.46100 0.92953 4.800e-03
0.46150 0.93094 4.800e-03
0.46200 0.93499 4.800e-03
0.46250 0.92271 4.800e-03
0.46300 0.92647 4.800e-03
0.46350 0.92028 4.800e-03
0.46400 0.92108 4.800e-03
0.46450 0.91978 4.800e-03
0.46500 0.91135 4.800e-03
0.46550 0.90995 4.800e-03
0.46600 0.91936 4.800e-03
0.46650 0.90927 4.800e-03
0.46700 0.91558 4.800e-03
0.46750 0.90362 4.800e-03
0.46800 0.90786 4.800e-03
0.46850 0.90362 4.800e-03
0.46900 0.90296 4.800e-03
0.46950 0.90171 4.800e-03
0.47000 0.90427 4.800e-03
0.47050 0.90163 4.800e-03
0.47100 0.90641 4.800e-03
0.47150 0.89900 4.800e-03
0.47200 0.89091 4.800e-03
0.47250 0.88616 4.800e-03
0.47300 0.89748 4.800e-03
0.47350 0.88855 4.800e-03
0.47400 0.88196 4.800e-03
0.47450 0.89458 4.800e-03
0.47500 0.88883 4.800e-03
0.47550 0.88450 4.800e-03
0.47600 0.88647 4.800e-03
0.47650 0.87892 4.800e-03
0.47700 0.87796 4.800e-03
0.47750 0.88354 4.800e-03
0.47800 0.87446 4.800e-03
0.47850 0.87212 4.800e-03
0.47900 0.86478 4.800e-03
0.47950 0.86877 4.800e-03
0.48000 0.86921 4.800e-03
0.48050 0.86651 4.800e-03
0.48100 0.86916 4.800e-03
0.48150 0.86985 4.800e-03
0.48200 0.87202 4.800e-03
0.48250 0.86351 4.800e-03
0.48300 0.86906 4.800e-03
0.48350 0.86682 4.800e-03
0.48400 0.86307 4.800e-03
0.48450 0.86401 4.800e-03
0.48500 0.86860 4.800e-03
0.48550 0.86258 4.800e-03
0.48600 0.86323 4.800e-03
0.48650 0.85807 4.800e-03
0.48700 0.87037 4.800e-03
0.48750 0.86017 4.800e-03
0.48800 0.87197 4.800e-03
0.48850 0.86701 4.800e-03
0.48900 0.86765 4.800e-03
0.48950 0.87468 4.800e-03
0.49000 0.86871 4.800e-03
0.49050 0.87039 4.800e-03
0.49100 0.86716 4.800e-03
0.49150 0.86259 4.800e-03
0.49200 0.85956 4.800e-03
0.49250 0.86365 4.800e-03
0.49300 0.86840 4.800e-03
0.49350 0.86846 4.800e-03
0.49400 0.86514 4.800e-03
0.49450 0.85954 4.800e-03
0.49500 0.86164 4.800e-03
0.49550 0.86262 4.800e-03
0.49600 0.86699 4.800e-03
0.49650 0.86195 4.800e-03
0.49700 0.87177 4.800e-03
0.49750 0.86915 4.800e-03
0.49800 0.86872 4.800e-03
0.49850 0.86731 4.800e-03
0.49900 0.86292 4.800e-03
0.49950 0.86710 4.800e-03
0.50000 0.85977 4.800e-03
0.50050 0.87422 4.800e-03
0.50100 0.86935 4.800e-03
0.50150 0.86579 4.800e-03
0.50200 0.86936 4.800e-03
0.50250 0.86563 4.800e-03
0.50300 0.87675 4.800e-03
0.50350 0.86196 4.800e-03
0.50400 0.86787 4.800e-03
0.50450 0.86654 4.800e-03
0.50500 0.85963 4.800e-03
0.50550 0.86361 4.800e-03
0.50600 0.86279 4.800e-03
0.50650 0.86755 4.800e-03
0.50700 0.85766 4.800e-03
0.50750 0.86329 4.800e-03
0.50800 0.86385 4.800e-03
0.50850 0.86447 4.800e-03
0.50900 0.86259 4.800e-03
0.50950 0.86360 4.800e-03
0.51000 0.86745 4.800e-03
0.51050 0.86916 4.800e-03
0.51100 0.86295 4.800e-03
0.51150 0.86779 4.800e-03
0.51200 0.86037 4.800e-03
0.51250 0.87245 4.800e-03
0.51300 0.86085 4.800e-03
0.51350 0.86048 4.800e-03
0.51400 0.85754 4.800e-03
0.51450 0.86078 4.800e-03
0.51500 0.87121 4.800e-03
0.51550 0.86558 4.800e-03
0.51600 0.86470 4.800e-03
0.51650 0.86354 4.800e-03
0.51700 0.86390 4.800e-03
0.51750 0.86964 4.800e-03
0.51800 0.86640 4.800e-03
0.51850 0.86656 4.800e-03
0.51900 0.86843 4.800e-03
0.51950 0.86466 4.800e-03
0.52000 0.86851 4.800e-03
0.52050 0.88155 4.800e-03
0.52100 0.88157 4.800e-03
0.52150 0.87177 4.800e-03
0.52200 0.87347 4.800e-03
0.52250 0.88220 4.800e-03
0.52300 0.87169 4.800e-03
0.52350 0.88497 4.800e-03
0.52400 0.87494 4.800e-03
0.52450 0.88736 4.800e-03
0.52500 0.88448 4.800e-03
0.52550 0.88422 4.800e-03
0.52600 0.88466 4.800e-03
0.52650 0.89311 4.800e-03
0.52700 0.89725 4.800e-03
0.52750 0.89170 4.800e-03
0.52800 0.89433 4.800e-03
0.52850 0.89303 4.800e-03
0.52900 0.90513 4.800e-03
0.52950 0.90898 4.800e-03
0.53000 0.90178 4.800e-03
0.53050 0.89838 4.800e-03
0.53100 0.89461 4.800e-03
0.53150 0.90531 4.800e-03
0.53200 0.90031 4.800e-03
0.53250 0.91857 4.800e-03
0.53300 0.91262 4.800e-03
0.53350 0.91207 4.800e-03
0.53400 0.91588 4.800e-03
0.53450 0.92094 4.800e-03
0.53500 0.92053 4.800e-03
0.53550 0.91546 4.800e-03
0.53600 0.91495 4.800e-03
0.53650 0.92757 4.800e-03
0.53700 0.92311 4.800e-03
0.53750 0.92617 4.800e-03
0.53800 0.93173 4.800e-03
0.53850 0.92747 4.800e-03
0.53900 0.93128 4.800e-03
0.53950 0.93419 4.800e-03
0.54000 0.93206 4.800e-03
0.54050 0.93465 4.800e-03
0.54100 0.93434 4.800e-03
0.54150 0.93258 4.800e-03
0.54200 0.94544 4.800e-03
0.54250 0.93627 4.800e-03
0.54300 0.93591 4.800e-03
0.54350 0.94497 4.800e-03
0.54400 0.94225 4.800e-03
0.54450 0.95153 4.800e-03
0.54500 0.95254 4.800e-03
0.54550 0.94468 4.800e-03
0.54600 0.94295 4.800e-03
0.54650 0.94943 4.800e-03
0.54700 0.95425 4.800e-03
0.54750 0.95760 4.800e-03
0.54800 0.95414 4.800e-03
0.54850 0.94718 4.800e-03
0.54900 0.95340 4.800e-03
0.54950 0.95320 4.800e-03
0.55000 0.95366 4.800e-03
0.55050 0.95489 4.800e-03
0.55100 0.96744 4.800e-03
0.55150 0.95403 4.800e-03
0.55200 0.96421 4.800e-03
0.55250 0.95758 4.800e-03
0.55300 0.95755 4.800e-03
0.55350 0.96324 4.800e-03
0.55400 0.95664 4.800e-03
0.55450 0.96053 4.800e-03
0.55500 0.95266 4.800e-03
0.55550 0.95420 4.800e-03
0.55600 0.96048 4.800e-03
0.55650 0.95664 4.800e-03
0.55700 0.95449 4.800e-03
0.55750 0.96019 4.800e-03
0.55800 0.95810 4.800e-03
0.55850 0.96273 4.800e-03
0.55900 0.95882 4.800e-03
0.55950 0.96290 4.800e-03
0.56000 0.96165 4.800e-03
0.56050 0.96388 4.800e-03
0.56100 0.96155 4.800e-03
0.56150 0.95721 4.800e-03
0.56200 0.96101 4.800e-03
0.56250 0.96768 4.800e-03
0.56300 0.96933 4.800e-03
0.56350 0.96457 4.800e-03
0.56400 0.96121 4.800e-03
0.56450 0.95845 4.800e-03
0.56500 0.96420 4.800e-03
0.56550 0.96396 4.800e-03
0.56600 0.96134 4.800e-03
0.56650 0.95894 4.800e-03
0.56700 0.95729 4.800e-03
0.56750 0.96357 4.800e-03
0.56800 0.95617 4.800e-03
0.56850 0.95574 4.800e-03
0.56900 0.96095 4.800e-03
0.56950 0.95501 4.800e-03
0.57000 0.95611 4.800e-03
0.57050 0.96121 4.800e-03
0.57100 0.95954 4.800e-03
0.57150 0.96352 4.800e-03
0.57200 0.96665 4.800e-03
0.57250 0.95219 4.800e-03
0.57300 0.95716 4.800e-03
0.57350 0.94798 4.800e-03
0.57400 0.96459 4.800e-03
0.57450 0.95545 4.800e-03
0.57500 0.96160 4.800e-03
0.57550 0.95910 4.800e-03
0.57600 0.96051 4.800e-03
0.57650 0.96300 4.800e-03
0.57700 0.95453 4.800e-03
0.57750 0.96414 4.800e-03
0.57800 0.96103 4.800e-03
0.57850 0.96326 4.800e-03
0.57900 0.95682 4.800e-03
0.57950 0.95328 4.800e-03
0.58000 0.96592 4.800e-03
0.58050 0.95885 4.800e-03
0.58100 0.96459 4.800e-03
0.58150 0.96820 4.800e-03
0.58200 0.96484 4.800e-03
0.58250 0.96629 4.800e-03
0.58300 0.95634 4.800e-03
0.58350 0.96046 4.800e-03
0.58400 0.95591 4.800e-03
0.58450 0.96247 4.800e-03
0.58500 0.96034 4.800e-03
0.58550 0.96101 4.800e-03
0.58600 0.96336 4.800e-03
0.58650 0.96446 4.800e-03
0.58700 0.94898 4.800e-03
0.58750 0.96017 4.800e-03
0.58800 0.95895 4.800e-03
0.58850 0.96529 4.800e-03
0.58900 0.96100 4.800e-03
0.58950 0.96076 4.800e-03
0.59000 0.96150 4.800e-03
0.59050 0.96358 4.800e-03
0.59100 0.96696 4.800e-03
0.59150 0.95576 4.800e-03
0.59200 0.96132 4.800e-03
0.59250 0.95621 4.800e-03
0.59300 0.96566 4.800e-03
0.59350 0.95101 4.800e-03
0.59400 0.95257 4.800e-03
0.59450 0.96120 4.800e-03
0.59500 0.95823 4.800e-03
0.59550 0.96885 4.800e-03
0.59600 0.95993 4.800e-03
0.59650 0.95833 4.800e-03
0.59700 0.95943 4.800e-03
0.59750 0.96209 4.800e-03
0.59800 0.96132 4.800e-03
0.59850 0.96857 4.800e-03
0.59900 0.95877 4.800e-03
0.59950 0.96972 4.800e-03
0.60000 0.95689 4.800e-03
0.60050 0.96020 4.800e-03
0.60100 0.95328 4.800e-03
0.60150 0.95811 4.800e-03
0.60200 0.96098 4.800e-03
0.60250 0.95486 4.800e-03
0.60300 0.96165 4.800e-03
0.60350 0.95388 4.800e-03
0.60400 0.95395 4.800e-03
0.60450 0.96476 4.800e-03
0.60500 0.95855 4.800e-03
0.60550 0.95794 4.800e-03
0.60600 0.95498 4.800e-03
0.60650 0.96820 4.800e-03
0.60700 0.97593 4.800e-03
0.60750 0.96015 4.800e-03
0.60800 0.95587 4.800e-03
0.60850 0.96450 4.800e-03
0.60900 0.95104 4.800e-03
0.60950 0.96688 4.800e-03
0.61000 0.95734 4.800e-03
0.61050 0.96424 4.800e-03
0.61100 0.95539 4.800e-03
0.61150 0.95470 4.800e-03
0.61200 0.95903 4.800e-03
0.61250 0.96300 4.800e-03
0.61300 0.95730 4.800e-03
0.61350 0.96528 4.800e-03
0.61400 0.96173 4.800e-03
0.61450 0.95528 4.800e-03
0.61500 0.95676 4.800e-03
0.61550 0.96322 4.800e-03
0.61600 0.96034 4.800e-03
0.61650 0.95399 4.800e-03
0.61700 0.95206 4.800e-03
0.61750 0.95770 4.800e-03
0.61800 0.96107 4.800e-03
0.61850 0.95688 4.800e-03
0.61900 0.96644 4.800e-03
0.61950 0.95228 4.800e-03
0.62000 0.96843 4.800e-03
0.62050 0.97130 4.800e-03
0.62100 0.96172 4.800e-03
0.62150 0.96399 4.800e-03
0.62200 0.96104 4.800e-03
0.62250 0.95253 4.800e-03
0.62300 0.97019 4.800e-03
0.62350 0.95773 4.800e-03
0.62400 0.96044 4.800e-03
0.62450 0.95177 4.800e-03
0.62500 0.96680 4.800e-03
0.62550 0.95162 4.800e-03
0.62600 0.95836 4.800e-03
0.62650 0.96472 4.800e-03
0.62700 0.96074 4.800e-03
0.62750 0.95421 4.800e-03
0.62800 0.95576 4.800e-03
0.62850 0.94929 4.800e-03
0.62900 0.95391 4.800e-03
0.62950 0.96116 4.800e-03
0.63000 0.95910 4.800e-03
0.63050 0.96406 4.800e-03
0.63100 0.96238 4.800e-03
0.63150 0.95758 4.800e-03
0.63200 0.96093 4.800e-03
0.63250 0.96123 4.800e-03
0.63300 0.95646 4.800e-03
0.63350 0.96030 4.800e-03
0.63400 0.95842 4.800e-03
0.63450 0.95874 4.800e-03
0.63500 0.96234 4.800e-03
0.63550 0.96572 4.800e-03
0.63600 0.95751 4.800e-03
0.63650 0.96137 4.800e-03
0.63700 0.95619 4.800e-03
0.63750 0.96242 4.800e-03
0.63800 0.96373 4.800e-03
0.63850 0.96040 4.800e-03
0.63900 0.96302 4.800e-03
0.63950 0.96409 4.800e-03
0.64000 0.96577 4.800e-03
0.64050 0.95434 4.800e-03
0.64100 0.95706 4.800e-03
0.64150 0.95032 4.800e-03
0.64200 0.96432 4.800e-03
0.64250 0.95865 4.800e-03
0.64300 0.96233 4.800e-03
0.64350 0.96597 4.800e-03
0.64400 0.96235 4.800e-03
0.64450 0.96189 4.800e-03
0.64500 0.97040 4.800e-03
0.64550 0.96424 4.800e-03
0.64600 0.95879 4.800e-03
0.64650 0.96191 4.800e-03
0.64700 0.96489 4.800e-03
0.64750 0.95731 4.800e-03
0.64800 0.96247 4.800e-03
0.64850 0.95897 4.800e-03
0.64900 0.96181 4.800e-03
0.64950 0.95623 4.800e-03
0.65000 0.96523 4.800e-03
0.65050 0.96745 4.800e-03
0.65100 0.96120 4.800e-03
0.65150 0.96567 4.800e-03
0.65200 0.96066 4.800e-03
0.65250 0.96759 4.800e-03
0.65300 0.96244 4.800e-03
0.65350 0.95876 4.800e-03
0.65400 0.95630 4.800e-03
0.65450 0.96321 4.800e-03
0.65500 0.95799 4.800e-03
0.65550 0.96598 4.800e-03
0.65600 0.95966 4.800e-03
0.65650 0.96646 4.800e-03
0.65700 0.95683 4.800e-03
0.65750 0.96454 4.800e-03
0.65800 0.95985 4.800e-03
0.65850 0.96472 4.800e-03
0.65900 0.95735 4.800e-03
0.65950 0.96433 4.800e-03
0.66000 0.95837 4.800e-03
0.66050 0.96254 4.800e-03
0.66100 0.95736 4.800e-03
0.66150 0.96462 4.800e-03
0.66200 0.96744 4.800e-03
0.66250 0.95495 4.800e-03
0.66300 0.95858 4.800e-03
0.66350 0.96499 4.800e-03
0.66400 0.95634 4.800e-03
0.66450 0.96215 4.800e-03
0.66500 0.96195 4.800e-03
0.66550 0.95775 4.800e-03
0.66600 0.96198 4.800e-03
0.66650 0.95056 4.800e-03
0.66700 0.96058 4.800e-03
0.66750 0.95761 4.800e-03
0.66800 0.96188 4.800e-03
0.66850 0.96105 4.800e-03
0.66900 0.96407 4.800e-03
0.66950 0.96181 4.800e-03
0.67000 0.96480 4.800e-03
0.67050 0.95737 4.800e-03
0.67100 0.96014 4.800e-03
0.67150 0.96084 4.800e-03
0.67200 0.95852 4.800e-03
0.67250 0.95947 4.800e-03
0.67300 0.96173 4.800e-03
0.67350 0.95762 4.800e-03
0.67400 0.96129 4.800e-03
0.67450 0.96169 4.800e-03
0.67500 0.96028 4.800e-03
0.67550 0.96420 4.800e-03
0.67600 0.96309 4.800e-03
0.67650 0.95504 4.800e-03
0.67700 0.95671 4.800e-03
0.67750 0.95703 4.800e-03
0.67800 0.95365 4.800e-03
0.67850 0.96084 4.800e-03
0.67900 0.95223 4.800e-03
0.67950 0.95858 4.800e-03
0.68000 0.95995 4.800e-03
0.68050 0.95178 4.800e-03
0.68100 0.95117 4.800e-03
0.68150 0.95958 4.800e-03
0.68200 0.96190 4.800e-03
0.68250 0.96547 4.800e-03
0.68300 0.96052 4.800e-03
0.68350 0.96136 4.800e-03
0.68400 0.95835 4.800e-03
0.68450 0.96723 4.800e-03
0.68500 0.96051 4.800e-03
0.68550 0.96251 4.800e-03
0.68600 0.95858 4.800e-03
0.68650 0.95750 4.800e-03
0.68700 0.95856 4.800e-03
0.68750 0.96151 4.800e-03
0.68800 0.96203 4.800e-03
0.68850 0.95328 4.800e-03
0.68900 0.96076 4.800e-03
0.68950 0.95715 4.800e-03
0.69000 0.96281 4.800e-03
0.69050 0.95977 4.800e-03
0.69100 0.95859 4.800e-03
0.69150 0.95339 4.800e-03
0.69200 0.96420 4.800e-03
0.69250 0.95219 4.800e-03
0.69300 0.95583 4.800e-03
0.69350 0.95856 4.800e-03
0.69400 0.95608 4.800e-03
0.69450 0.95759 4.800e-03
0.69500 0.96104 4.800e-03
0.69550 0.95388 4.800e-03
0.69600 0.96112 4.800e-03
0.69650 0.96189 4.800e-03
0.69700 0.95293 4.800e-03
0.69750 0.96039 4.800e-03
0.69800 0.95797 4.800e-03
0.69850 0.95450 4.800e-03
0.69900 0.95467 4.800e-03
0.69950 0.96498 4.800e-03
0.70000 0.95832 4.800e-03
0.70050 0.97189 4.800e-03
0.70100 0.95676 4.800e-03
0.70150 0.96421 4.800e-03
0.70200 0.95443 4.800e-03
0.70250 0.96295 4.800e-03
0.70300 0.95742 4.800e-03
0.70350 0.96274 4.800e-03
0.70400 0.95952 4.800e-03
0.70450 0.96168 4.800e-03
0.70500 0.96466 4.800e-03
0.70550 0.96132 4.800e-03
0.70600 0.96272 4.800e-03
0.70650 0.96331 4.800e-03
0.70700 0.96275 4.800e-03
0.70750 0.96759 4.800e-03
0.70800 0.96302 4.800e-03
0.70850 0.95875 4.800e-03
0.70900 0.95902 4.800e-03
0.70950 0.96054 4.800e-03
0.71000 0.96336 4.800e-03
0.71050 0.96262 4.800e-03
0.71100 0.96793 4.800e-03
0.71150 0.96274 4.800e-03
0.71200 0.95783 4.800e-03
0.71250 0.96105 4.800e-03
0.71300 0.95964 4.800e-03
0.71350 0.96740 4.800e-03
0.71400 0.95869 4.800e-03
0.71450 0.96186 4.800e-03
0.71500 0.96227 4.800e-03
0.71550 0.95884 4.800e-03
0.71600 0.95252 4.800e-03
0.71650 0.95248 4.800e-03
0.71700 0.95986 4.800e-03
0.71750 0.95425 4.800e-03
0.71800 0.95897 4.800e-03
0.71850 0.96322 4.800e-03
0.71900 0.94998 4.800e-03
0.71950 0.95581 4.800e-03
0.72000 0.95872 4.800e-03
0.72050 0.95840 4.800e-03
0.72100 0.96449 4.800e-03
0.72150 0.96905 4.800e-03
0.72200 0.95911 4.800e-03
0.72250 0.95876 4.800e-03
0.72300 0.96230 4.800e-03
0.72350 0.95733 4.800e-03
0.72400 0.96342 4.800e-03
0.72450 0.96134 4.800e-03
0.72500 0.95667 4.800e-03
0.72550 0.95954 4.800e-03
0.72600 0.95838 4.800e-03
0.72650 0.96018 4.800e-03
0.72700 0.95781 4.800e-03
0.72750 0.95810 4.800e-03
0.72800 0.96527 4.800e-03
0.72850 0.95796 4.800e-03
0.72900 0.95876 4.800e-03
0.72950 0.96619 4.800e-03
0.73000 0.96289 4.800e-03
0.73050 0.95937 4.800e-03
0.73100 0.95596 4.800e-03
0.73150 0.96470 4.800e-03
0.73200 0.96412 4.800e-03
0.73250 0.95505 4.800e-03
0.73300 0.96416 4.800e-03
0.73350 0.96801 4.800e-03
0.73400 0.95277 4.800e-03
0.73450 0.96068 4.800e-03
0.73500 0.95608 4.800e-03
0.73550 0.95598 4.800e-03
0.73600 0.97428 4.800e-03
0.73650 0.96473 4.800e-03
0.73700 0.96703 4.800e-03
0.73750 0.96078 4.800e-03
0.73800 0.96395 4.800e-03
0.73850 0.96191 4.800e-03
0.73900 0.95825 4.800e-03
0.73950 0.96192 4.800e-03
0.74000 0.96641 4.800e-03
0.74050 0.95975 4.800e-03
0.74100 0.96766 4.800e-03
0.74150 0.96035 4.800e-03
0.74200 0.95536 4.800e-03
0.74250 0.95682 4.800e-03
0.74300 0.96219 4.800e-03
0.74350 0.95957 4.800e-03
0.74400 0.96475 4.800e-03
0.74450 0.95267 4.800e-03
0.74500 0.95779 4.800e-03
0.74550 0.96200 4.800e-03
0.74600 0.96397 4.800e-03
0.74650 0.95995 4.800e-03
0.74700 0.96132 4.800e-03
0.74750 0.96591 4.800e-03
0.74800 0.96051 4.800e-03
0.74850 0.95977 4.800e-03
0.74900 0.95866 4.800e-03
0.74950 0.95016 4.800e-03
0.75000 0.95520 4.800e-03
0.75050 0.95342 4.800e-03
0.75100 0.96168 4.800e-03
0.75150 0.95993 4.800e-03
0.75200 0.96461 4.800e-03
0.75250 0.96164 4.800e-03
0.75300 0.95670 4.800e-03
0.75350 0.97259 4.800e-03
0.75400 0.95782 4.800e-03
0.75450 0.96652 4.800e-03
0.75500 0.96167 4.800e-03
0.75550 0.95610 4.800e-03
0.75600 0.96326 4.800e-03
0.75650 0.95849 4.800e-03
0.75700 0.96104 4.800e-03
0.75750 0.95755 4.800e-03
0.75800 0.96667 4.800e-03
0.75850 0.96342 4.800e-03
0.75900 0.96779 4.800e-03
0.75950 0.95461 4.800e-03
0.76000 0.95741 4.800e-03
0.76050 0.96382 4.800e-03
0.76100 0.95377 4.800e-03
0.76150 0.94900 4.800e-03
0.76200 0.95452 4.800e-03
0.76250 0.95730 4.800e-03
0.76300 0.95760 4.800e-03
0.76350 0.96450 4.800e-03
0.76400 0.95973 4.800e-03
0.76450 0.95820 4.800e-03
0.76500 0.96515 4.800e-03
0.76550 0.96880 4.800e-03
0.76600 0.95084 4.800e-03
0.76650 0.96137 4.800e-03
0.76700 0.95550 4.800e-03
0.76750 0.95715 4.800e-03
0.76800 0.96455 4.800e-03
0.76850 0.95842 4.800e-03
0.76900 0.95759 4.800e-03
0.76950 0.96531 4.800e-03
0.77000 0.96317 4.800e-03
0.77050 0.96461 4.800e-03
0.77100 0.95542 4.800e-03
0.77150 0.96057 4.800e-03
0.77200 0.96510 4.800e-03
0.77250 0.95411 4.800e-03
0.77300 0.96511 4.800e-03
0.77350 0.96388 4.800e-03
0.77400 0.96018 4.800e-03
0.77450 0.96063 4.800e-03
0.77500 0.95598 4.800e-03
0.77550 0.95727 4.800e-03
0.77600 0.96659 4.800e-03
0.77650 0.97545 4.800e-03
0.77700 0.96534 4.800e-03
0.77750 0.96394 4.800e-03
0.77800 0.95912 4.800e-03
0.77850 0.95289 4.800e-03
0.77900 0.95862 4.800e-03
0.77950 0.97347 4.800e-03
0.78000 0.95188 4.800e-03
0.78050 0.95777 4.800e-03
0.78100 0.95778 4.800e-03
0.78150 0.95713 4.800e-03
0.78200 0.96027 4.800e-03
0.78250 0.96043 4.800e-03
0.78300 0.96512 4.800e-03
0.78350 0.96175 4.800e-03
0.78400 0.96203 4.800e-03
0.78450 0.96335 4.800e-03
0.78500 0.96589 4.800e-03
0.78550 0.95388 4.800e-03
0.78600 0.96515 4.800e-03
0.78650 0.94949 4.800e-03
0.78700 0.97435 4.800e-03
0.78750 0.95631 4.800e-03
0.78800 0.96562 4.800e-03
0.78850 0.95451 4.800e-03
0.78900 0.96766 4.800e-03
0.78950 0.96260 4.800e-03
0.79000 0.95651 4.800e-03
0.79050 0.94866 4.800e-03
0.79100 0.95581 4.800e-03
0.79150 0.96335 4.800e-03
0.79200 0.95429 4.800e-03
0.79250 0.95920 4.800e-03
0.79300 0.96546 4.800e-03
0.79350 0.96849 4.800e-03
0.79400 0.95922 4.800e-03
0.79450 0.96122 4.800e-03
0.79500 0.96273 4.800e-03
0.79550 0.96461 4.800e-03
0.79600 0.96049 4.800e-03
0.79650 0.96164 4.800e-03
0.79700 0.96276 4.800e-03
0.79750 0.95793 4.800e-03
0.79800 0.95992 4.800e-03
0.79850 0.96420 4.800e-03
0.79900 0.95666 4.800e-03
0.79950 0.96152 4.800e-03
0.80000 0.95954 4.800e-03
0.80050 0.96657 4.800e-03
0.80100 0.96513 4.800e-03
0.80150 0.96903 4.800e-03
0.80200 0.96104 4.800e-03
0.80250 0.96039 4.800e-03
0.80300 0.96562 4.800e-03
0.80350 0.95890 4.800e-03
0.80400 0.96019 4.800e-03
0.80450 0.95553 4.800e-03
0.80500 0.95954 4.800e-03
0.80550 0.96659 4.800e-03
0.80600 0.96116 4.800e-03
0.80650 0.96143 4.800e-03
0.80700 0.96768 4.800e-03
0.80750 0.95111 4.800e-03
0.80800 0.95731 4.800e-03
0.80850 0.95473 4.800e-03
0.80900 0.95799 4.800e-03
0.80950 0.96201 4.800e-03
0.81000 0.96179 4.800e-03
0.81050 0.96333 4.800e-03
0.81100 0.96239 4.800e-03
0.81150 0.96490 4.800e-03
0.81200 0.96100 4.800e-03
0.81250 0.96354 4.800e-03
0.81300 0.96503 4.800e-03
0.81350 0.97500 4.800e-03
0.81400 0.95723 4.800e-03
0.81450 0.96120 4.800e-03
0.81500 0.95823 4.800e-03
0.81550 0.96584 4.800e-03
0.81600 0.95751 4.800e-03
0.81650 0.96726 4.800e-03
0.81700 0.95976 4.800e-03
0.81750 0.96029 4.800e-03
0.81800 0.95627 4.800e-03
0.81850 0.96204 4.800e-03
0.81900 0.96245 4.800e-03
0.81950 0.95945 4.800e-03
0.82000 0.96184 4.800e-03
0.82050 0.96822 4.800e-03
0.82100 0.96814 4.800e-03
0.82150 0.95887 4.800e-03
0.82200 0.96312 4.800e-03
0.82250 0.96128 4.800e-03
0.82300 0.95870 4.800e-03
0.82350 0.95958 4.800e-03
0.82400 0.95716 4.800e-03
0.82450 0.96502 4.800e-03
0.82500 0.96498 4.800e-03
0.82550 0.96419 4.800e-03
0.82600 0.95897 4.800e-03
0.82650 0.95690 4.800e-03
0.82700 0.95340 4.800e-03
0.82750 0.96021 4.800e-03
0.82800 0.96297 4.800e-03
0.82850 0.95872 4.800e-03
0.82900 0.95255 4.800e-03
0.82950 0.96052 4.800e-03
0.83000 0.95143 4.800e-03
0.83050 0.95322 4.800e-03
0.83100 0.95327 4.800e-03
0.83150 0.95795 4.800e-03
0.83200 0.96573 4.800e-03
0.83250 0.95798 4.800e-03
0.83300 0.96164 4.800e-03
0.83350 0.95506 4.800e-03
0.83400 0.96408 4.800e-03
0.83450 0.96000 4.800e-03
0.83500 0.96097 4.800e-03
0.83550 0.96036 4.800e-03
0.83600 0.95328 4.800e-03
0.83650 0.96177 4.800e-03
0.83700 0.95166 4.800e-03
0.83750 0.96102 4.800e-03
0.83800 0.96167 4.800e-03
0.83850 0.96748 4.800e-03
0.83900 0.96931 4.800e-03
0.83950 0.96324 4.800e-03
0.84000 0.95564 4.800e-03
0.84050 0.96352 4.800e-03
0.84100 0.95733 4.800e-03
0.84150 0.95951 4.800e-03
0.84200 0.96256 4.800e-03
0.84250 0.96118 4.800e-03
0.84300 0.95891 4.800e-03
0.84350 0.95546 4.800e-03
0.84400 0.95646 4.800e-03
0.84450 0.95238 4.800e-03
0.84500 0.96183 4.800e-03
0.84550 0.96796 4.800e-03
0.84600 0.95625 4.800e-03
0.84650 0.95335 4.800e-03
0.84700 0.96766 4.800e-03
0.84750 0.95082 4.800e-03
0.84800 0.95863 4.800e-03
0.84850 0.95740 4.800e-03
0.84900 0.95564 4.800e-03
0.84950 0.95795 4.800e-03
0.85000 0.96125 4.800e-03
