# 
# This file contains a simulated light curve of a single orbit of a circular orbit,
# eclipsing binary. The three columns are orbital phase (changes by 1 over the orbit),
# flux, and uncertainty in flux.
# 
-0.15000 0.62134 3.123e-03
-0.14950 0.62254 3.123e-03
-0.14900 0.62889 3.123e-03
-0.14850 0.62219 3.123e-03
-0.14800 0.62588 3.123e-03
-0.14750 0.62390 3.123e-03
-0.14700 0.62617 3.123e-03
-0.14650 0.62424 3.123e-03
-0.14600 0.61994 3.123e-03
-0.14550 0.62164 3.123e-03
-0.14500 0.62087 3.123e-03
-0.14450 0.61907 3.123e-03
-0.14400 0.62368 3.123e-03
-0.14350 0.62217 3.123e-03
-0.14300 0.62725 3.123e-03
-0.14250 0.62906 3.123e-03
-0.14200 0.62311 3.123e-03
-0.14150 0.62459 3.123e-03
-0.14100 0.62716 3.123e-03
-0.14050 0.62431 3.123e-03
-0.14000 0.62327 3.123e-03
-0.13950 0.62578 3.123e-03
-0.13900 0.62537 3.123e-03
-0.13850 0.62315 3.123e-03
-0.13800 0.62057 3.123e-03
-0.13750 0.62689 3.123e-03
-0.13700 0.62718 3.123e-03
-0.13650 0.62221 3.123e-03
-0.13600 0.62071 3.123e-03
-0.13550 0.62486 3.123e-03
-0.13500 0.62103 3.123e-03
-0.13450 0.62393 3.123e-03
-0.13400 0.62381 3.123e-03
-0.13350 0.62565 3.123e-03
-0.13300 0.62734 3.123e-03
-0.13250 0.62777 3.123e-03
-0.13200 0.62102 3.123e-03
-0.13150 0.62413 3.123e-03
-0.13100 0.62092 3.123e-03
-0.13050 0.61984 3.123e-03
-0.13000 0.62582 3.123e-03
-0.12950 0.62324 3.123e-03
-0.12900 0.61991 3.123e-03
-0.12850 0.62921 3.123e-03
-0.12800 0.62080 3.123e-03
-0.12750 0.62864 3.123e-03
-0.12700 0.62504 3.123e-03
-0.12650 0.62828 3.123e-03
-0.12600 0.62948 3.123e-03
-0.12550 0.62305 3.123e-03
-0.12500 0.62078 3.123e-03
-0.12450 0.63148 3.123e-03
-0.12400 0.62655 3.123e-03
-0.12350 0.62261 3.123e-03
-0.12300 0.62641 3.123e-03
-0.12250 0.62364 3.123e-03
-0.12200 0.62036 3.123e-03
-0.12150 0.62823 3.123e-03
-0.12100 0.62876 3.123e-03
-0.12050 0.62730 3.123e-03
-0.12000 0.62178 3.123e-03
-0.11950 0.62631 3.123e-03
-0.11900 0.61986 3.123e-03
-0.11850 0.63252 3.123e-03
-0.11800 0.62455 3.123e-03
-0.11750 0.62333 3.123e-03
-0.11700 0.62651 3.123e-03
-0.11650 0.62548 3.123e-03
-0.11600 0.62007 3.123e-03
-0.11550 0.62049 3.123e-03
-0.11500 0.62826 3.123e-03
-0.11450 0.62560 3.123e-03
-0.11400 0.62289 3.123e-03
-0.11350 0.62349 3.123e-03
-0.11300 0.62269 3.123e-03
-0.11250 0.62342 3.123e-03
-0.11200 0.62322 3.123e-03
-0.11150 0.62441 3.123e-03
-0.11100 0.62835 3.123e-03
-0.11050 0.62993 3.123e-03
-0.11000 0.62406 3.123e-03
-0.10950 0.63091 3.123e-03
-0.10900 0.61998 3.123e-03
-0.10850 0.62042 3.123e-03
-0.10800 0.62491 3.123e-03
-0.10750 0.62419 3.123e-03
-0.10700 0.62730 3.123e-03
-0.10650 0.61688 3.123e-03
-0.10600 0.62504 3.123e-03
-0.10550 0.62549 3.123e-03
-0.10500 0.62801 3.123e-03
-0.10450 0.62473 3.123e-03
-0.10400 0.62521 3.123e-03
-0.10350 0.62423 3.123e-03
-0.10300 0.62173 3.123e-03
-0.10250 0.62147 3.123e-03
-0.10200 0.62197 3.123e-03
-0.10150 0.62262 3.123e-03
-0.10100 0.62512 3.123e-03
-0.10050 0.62729 3.123e-03
-0.10000 0.62674 3.123e-03
-0.09950 0.62530 3.123e-03
-0.09900 0.62483 3.123e-03
-0.09850 0.62394 3.123e-03
-0.09800 0.62364 3.123e-03
-0.09750 0.62373 3.123e-03
-0.09700 0.61889 3.123e-03
-0.09650 0.63005 3.123e-03
-0.09600 0.62056 3.123e-03
-0.09550 0.62085 3.123e-03
-0.09500 0.62661 3.123e-03
-0.09450 0.62180 3.123e-03
-0.09400 0.62142 3.123e-03
-0.09350 0.62734 3.123e-03
-0.09300 0.62361 3.123e-03
-0.09250 0.62854 3.123e-03
-0.09200 0.62234 3.123e-03
-0.09150 0.62255 3.123e-03
-0.09100 0.62546 3.123e-03
-0.09050 0.61579 3.123e-03
-0.09000 0.62800 3.123e-03
-0.08950 0.62656 3.123e-03
-0.08900 0.62275 3.123e-03
-0.08850 0.62929 3.123e-03
-0.08800 0.62301 3.123e-03
-0.08750 0.62396 3.123e-03
-0.08700 0.62069 3.123e-03
-0.08650 0.62797 3.123e-03
-0.08600 0.62431 3.123e-03
-0.08550 0.62412 3.123e-03
-0.08500 0.62905 3.123e-03
-0.08450 0.62473 3.123e-03
-0.08400 0.62180 3.123e-03
-0.08350 0.62845 3.123e-03
-0.08300 0.62161 3.123e-03
-0.08250 0.62167 3.123e-03
-0.08200 0.62667 3.123e-03
-0.08150 0.62548 3.123e-03
-0.08100 0.62344 3.123e-03
-0.08050 0.62617 3.123e-03
-0.08000 0.62355 3.123e-03
-0.07950 0.62364 3.123e-03
-0.07900 0.62788 3.123e-03
-0.07850 0.61827 3.123e-03
-0.07800 0.62728 3.123e-03
-0.07750 0.62644 3.123e-03
-0.07700 0.62104 3.123e-03
-0.07650 0.63062 3.123e-03
-0.07600 0.62361 3.123e-03
-0.07550 0.62845 3.123e-03
-0.07500 0.62601 3.123e-03
-0.07450 0.62889 3.123e-03
-0.07400 0.62327 3.123e-03
-0.07350 0.62698 3.123e-03
-0.07300 0.62686 3.123e-03
-0.07250 0.63193 3.123e-03
-0.07200 0.62635 3.123e-03
-0.07150 0.62090 3.123e-03
-0.07100 0.62828 3.123e-03
-0.07050 0.62757 3.123e-03
-0.07000 0.62809 3.123e-03
-0.06950 0.63183 3.123e-03
-0.06900 0.63051 3.123e-03
-0.06850 0.62143 3.123e-03
-0.06800 0.62211 3.123e-03
-0.06750 0.62595 3.123e-03
-0.06700 0.62784 3.123e-03
-0.06650 0.62478 3.123e-03
-0.06600 0.61993 3.123e-03
-0.06550 0.62597 3.123e-03
-0.06500 0.62748 3.123e-03
-0.06450 0.62585 3.123e-03
-0.06400 0.62456 3.123e-03
-0.06350 0.62325 3.123e-03
-0.06300 0.62229 3.123e-03
-0.06250 0.62656 3.123e-03
-0.06200 0.62836 3.123e-03
-0.06150 0.62464 3.123e-03
-0.06100 0.62432 3.123e-03
-0.06050 0.62355 3.123e-03
-0.06000 0.62830 3.123e-03
-0.05950 0.62609 3.123e-03
-0.05900 0.62529 3.123e-03
-0.05850 0.61924 3.123e-03
-0.05800 0.62816 3.123e-03
-0.05750 0.62775 3.123e-03
-0.05700 0.63055 3.123e-03
-0.05650 0.62051 3.123e-03
-0.05600 0.62577 3.123e-03
-0.05550 0.62734 3.123e-03
-0.05500 0.62178 3.123e-03
-0.05450 0.62336 3.123e-03
-0.05400 0.62505 3.123e-03
-0.05350 0.62494 3.123e-03
-0.05300 0.62948 3.123e-03
-0.05250 0.62579 3.123e-03
-0.05200 0.61909 3.123e-03
-0.05150 0.62197 3.123e-03
-0.05100 0.62669 3.123e-03
-0.05050 0.62376 3.123e-03
-0.05000 0.62632 3.123e-03
-0.04950 0.62506 3.123e-03
-0.04900 0.62527 3.123e-03
-0.04850 0.62657 3.123e-03
-0.04800 0.62604 3.123e-03
-0.04750 0.62171 3.123e-03
-0.04700 0.62670 3.123e-03
-0.04650 0.62803 3.123e-03
-0.04600 0.62335 3.123e-03
-0.04550 0.62719 3.123e-03
-0.04500 0.62022 3.123e-03
-0.04450 0.62819 3.123e-03
-0.04400 0.62475 3.123e-03
-0.04350 0.62420 3.123e-03
-0.04300 0.62284 3.123e-03
-0.04250 0.61841 3.123e-03
-0.04200 0.62066 3.123e-03
-0.04150 0.61719 3.123e-03
-0.04100 0.62658 3.123e-03
-0.04050 0.61639 3.123e-03
-0.04000 0.60329 3.123e-03
-0.03950 0.60485 3.123e-03
-0.03900 0.60498 3.123e-03
-0.03850 0.60724 3.123e-03
-0.03800 0.59936 3.123e-03
-0.03750 0.59694 3.123e-03
-0.03700 0.59198 3.123e-03
-0.03650 0.58401 3.123e-03
-0.03600 0.58100 3.123e-03
-0.03550 0.57952 3.123e-03
-0.03500 0.57139 3.123e-03
-0.03450 0.56734 3.123e-03
-0.03400 0.56701 3.123e-03
-0.03350 0.55737 3.123e-03
-0.03300 0.55201 3.123e-03
-0.03250 0.54855 3.123e-03
-0.03200 0.54914 3.123e-03
-0.03150 0.53598 3.123e-03
-0.03100 0.53543 3.123e-03
-0.03050 0.52555 3.123e-03
-0.03000 0.51861 3.123e-03
-0.02950 0.51331 3.123e-03
-0.02900 0.50637 3.123e-03
-0.02850 0.50210 3.123e-03
-0.02800 0.49290 3.123e-03
-0.02750 0.48876 3.123e-03
-0.02700 0.48650 3.123e-03
-0.02650 0.47362 3.123e-03
-0.02600 0.46879 3.123e-03
-0.02550 0.46978 3.123e-03
-0.02500 0.45998 3.123e-03
-0.02450 0.45461 3.123e-03
-0.02400 0.44712 3.123e-03
-0.02350 0.43753 3.123e-03
-0.02300 0.42833 3.123e-03
-0.02250 0.42411 3.123e-03
-0.02200 0.41831 3.123e-03
-0.02150 0.40539 3.123e-03
-0.02100 0.39998 3.123e-03
-0.02050 0.39626 3.123e-03
-0.02000 0.38712 3.123e-03
-0.01950 0.37680 3.123e-03
-0.01900 0.36917 3.123e-03
-0.01850 0.36288 3.123e-03
-0.01800 0.36014 3.123e-03
-0.01750 0.34550 3.123e-03
-0.01700 0.33894 3.123e-03
-0.01650 0.33049 3.123e-03
-0.01600 0.32715 3.123e-03
-0.01550 0.32124 3.123e-03
-0.01500 0.30867 3.123e-03
-0.01450 0.29693 3.123e-03
-0.01400 0.29638 3.123e-03
-0.01350 0.28595 3.123e-03
-0.01300 0.27834 3.123e-03
-0.01250 0.26961 3.123e-03
-0.01200 0.25750 3.123e-03
-0.01150 0.25027 3.123e-03
-0.01100 0.24633 3.123e-03
-0.01050 0.24335 3.123e-03
-0.01000 0.22777 3.123e-03
-0.00950 0.22586 3.123e-03
-0.00900 0.21358 3.123e-03
-0.00850 0.21151 3.123e-03
-0.00800 0.19171 3.123e-03
-0.00750 0.18344 3.123e-03
-0.00700 0.17891 3.123e-03
-0.00650 0.17118 3.123e-03
-0.00600 0.16721 3.123e-03
-0.00550 0.15787 3.123e-03
-0.00500 0.15347 3.123e-03
-0.00450 0.14795 3.123e-03
-0.00400 0.13408 3.123e-03
-0.00350 0.12782 3.123e-03
-0.00300 0.11953 3.123e-03
-0.00250 0.11648 3.123e-03
-0.00200 0.11589 3.123e-03
-0.00150 0.10908 3.123e-03
-0.00100 0.10241 3.123e-03
-0.00050 0.10212 3.123e-03
0.00000 0.10858 3.123e-03
0.00050 0.11140 3.123e-03
0.00100 0.10889 3.123e-03
0.00150 0.10653 3.123e-03
0.00200 0.11150 3.123e-03
0.00250 0.11469 3.123e-03
0.00300 0.13221 3.123e-03
0.00350 0.12765 3.123e-03
0.00400 0.13678 3.123e-03
0.00450 0.14967 3.123e-03
0.00500 0.15245 3.123e-03
0.00550 0.16094 3.123e-03
0.00600 0.16118 3.123e-03
0.00650 0.17092 3.123e-03
0.00700 0.17940 3.123e-03
0.00750 0.19481 3.123e-03
0.00800 0.19775 3.123e-03
0.00850 0.20190 3.123e-03
0.00900 0.21892 3.123e-03
0.00950 0.21832 3.123e-03
0.01000 0.22956 3.123e-03
0.01050 0.24018 3.123e-03
0.01100 0.24835 3.123e-03
0.01150 0.24917 3.123e-03
0.01200 0.26453 3.123e-03
0.01250 0.26419 3.123e-03
0.01300 0.27767 3.123e-03
0.01350 0.28576 3.123e-03
0.01400 0.29104 3.123e-03
0.01450 0.30280 3.123e-03
0.01500 0.31049 3.123e-03
0.01550 0.31813 3.123e-03
0.01600 0.32464 3.123e-03
0.01650 0.33858 3.123e-03
0.01700 0.33623 3.123e-03
0.01750 0.34835 3.123e-03
0.01800 0.35325 3.123e-03
0.01850 0.35919 3.123e-03
0.01900 0.36915 3.123e-03
0.01950 0.37577 3.123e-03
0.02000 0.38740 3.123e-03
0.02050 0.39289 3.123e-03
0.02100 0.40400 3.123e-03
0.02150 0.40807 3.123e-03
0.02200 0.41064 3.123e-03
0.02250 0.42051 3.123e-03
0.02300 0.42847 3.123e-03
0.02350 0.43294 3.123e-03
0.02400 0.44365 3.123e-03
0.02450 0.45332 3.123e-03
0.02500 0.45811 3.123e-03
0.02550 0.46298 3.123e-03
0.02600 0.47236 3.123e-03
0.02650 0.47623 3.123e-03
0.02700 0.47971 3.123e-03
0.02750 0.48909 3.123e-03
0.02800 0.49222 3.123e-03
0.02850 0.50051 3.123e-03
0.02900 0.50742 3.123e-03
0.02950 0.51389 3.123e-03
0.03000 0.52025 3.123e-03
0.03050 0.52276 3.123e-03
0.03100 0.52842 3.123e-03
0.03150 0.52879 3.123e-03
0.03200 0.53569 3.123e-03
0.03250 0.54726 3.123e-03
0.03300 0.55679 3.123e-03
0.03350 0.55712 3.123e-03
0.03400 0.56780 3.123e-03
0.03450 0.56957 3.123e-03
0.03500 0.57730 3.123e-03
0.03550 0.57405 3.123e-03
0.03600 0.58609 3.123e-03
0.03650 0.59253 3.123e-03
0.03700 0.59158 3.123e-03
0.03750 0.59135 3.123e-03
0.03800 0.60254 3.123e-03
0.03850 0.59908 3.123e-03
0.03900 0.60180 3.123e-03
0.03950 0.60469 3.123e-03
0.04000 0.61427 3.123e-03
0.04050 0.61937 3.123e-03
0.04100 0.61622 3.123e-03
0.04150 0.61774 3.123e-03
0.04200 0.61945 3.123e-03
0.04250 0.62532 3.123e-03
0.04300 0.62756 3.123e-03
0.04350 0.62223 3.123e-03
0.04400 0.62476 3.123e-03
0.04450 0.62695 3.123e-03
0.04500 0.62744 3.123e-03
0.04550 0.62054 3.123e-03
0.04600 0.62156 3.123e-03
0.04650 0.61931 3.123e-03
0.04700 0.61811 3.123e-03
0.04750 0.62223 3.123e-03
0.04800 0.62430 3.123e-03
0.04850 0.62036 3.123e-03
0.04900 0.62653 3.123e-03
0.04950 0.62149 3.123e-03
0.05000 0.61890 3.123e-03
0.05050 0.62437 3.123e-03
0.05100 0.62780 3.123e-03
0.05150 0.62503 3.123e-03
0.05200 0.62324 3.123e-03
0.05250 0.62145 3.123e-03
0.05300 0.62283 3.123e-03
0.05350 0.62531 3.123e-03
0.05400 0.61909 3.123e-03
0.05450 0.62673 3.123e-03
0.05500 0.62278 3.123e-03
0.05550 0.62190 3.123e-03
0.05600 0.62530 3.123e-03
0.05650 0.62174 3.123e-03
0.05700 0.62415 3.123e-03
0.05750 0.62657 3.123e-03
0.05800 0.62576 3.123e-03
0.05850 0.62361 3.123e-03
0.05900 0.62647 3.123e-03
0.05950 0.62489 3.123e-03
0.06000 0.62462 3.123e-03
0.06050 0.62700 3.123e-03
0.06100 0.62680 3.123e-03
0.06150 0.62389 3.123e-03
0.06200 0.62729 3.123e-03
0.06250 0.62762 3.123e-03
0.06300 0.62513 3.123e-03
0.06350 0.62231 3.123e-03
0.06400 0.62254 3.123e-03
0.06450 0.62557 3.123e-03
0.06500 0.61889 3.123e-03
0.06550 0.62532 3.123e-03
0.06600 0.62715 3.123e-03
0.06650 0.62692 3.123e-03
0.06700 0.62278 3.123e-03
0.06750 0.62787 3.123e-03
0.06800 0.62602 3.123e-03
0.06850 0.62521 3.123e-03
0.06900 0.62355 3.123e-03
0.06950 0.62090 3.123e-03
0.07000 0.63088 3.123e-03
0.07050 0.62634 3.123e-03
0.07100 0.62718 3.123e-03
0.07150 0.62637 3.123e-03
0.07200 0.62452 3.123e-03
0.07250 0.62019 3.123e-03
0.07300 0.62202 3.123e-03
0.07350 0.62221 3.123e-03
0.07400 0.62518 3.123e-03
0.07450 0.62925 3.123e-03
0.07500 0.62533 3.123e-03
0.07550 0.62788 3.123e-03
0.07600 0.62068 3.123e-03
0.07650 0.62110 3.123e-03
0.07700 0.62431 3.123e-03
0.07750 0.62058 3.123e-03
0.07800 0.62713 3.123e-03
0.07850 0.63057 3.123e-03
0.07900 0.62078 3.123e-03
0.07950 0.62522 3.123e-03
0.08000 0.62060 3.123e-03
0.08050 0.62161 3.123e-03
0.08100 0.62207 3.123e-03
0.08150 0.62410 3.123e-03
0.08200 0.62783 3.123e-03
0.08250 0.62429 3.123e-03
0.08300 0.62969 3.123e-03
0.08350 0.62210 3.123e-03
0.08400 0.62423 3.123e-03
0.08450 0.62719 3.123e-03
0.08500 0.62813 3.123e-03
0.08550 0.62401 3.123e-03
0.08600 0.62665 3.123e-03
0.08650 0.62823 3.123e-03
0.08700 0.62147 3.123e-03
0.08750 0.62389 3.123e-03
0.08800 0.62433 3.123e-03
0.08850 0.62293 3.123e-03
0.08900 0.62583 3.123e-03
0.08950 0.62455 3.123e-03
0.09000 0.62177 3.123e-03
0.09050 0.62418 3.123e-03
0.09100 0.62201 3.123e-03
0.09150 0.62539 3.123e-03
0.09200 0.62522 3.123e-03
0.09250 0.62790 3.123e-03
0.09300 0.62040 3.123e-03
0.09350 0.62552 3.123e-03
0.09400 0.62570 3.123e-03
0.09450 0.62624 3.123e-03
0.09500 0.62362 3.123e-03
0.09550 0.62551 3.123e-03
0.09600 0.62779 3.123e-03
0.09650 0.62693 3.123e-03
0.09700 0.62947 3.123e-03
0.09750 0.62355 3.123e-03
0.09800 0.62398 3.123e-03
0.09850 0.62968 3.123e-03
0.09900 0.62656 3.123e-03
0.09950 0.62149 3.123e-03
0.10000 0.62406 3.123e-03
0.10050 0.62914 3.123e-03
0.10100 0.62419 3.123e-03
0.10150 0.62993 3.123e-03
0.10200 0.61731 3.123e-03
0.10250 0.62650 3.123e-03
0.10300 0.62744 3.123e-03
0.10350 0.62329 3.123e-03
0.10400 0.62003 3.123e-03
0.10450 0.62198 3.123e-03
0.10500 0.62344 3.123e-03
0.10550 0.63195 3.123e-03
0.10600 0.62424 3.123e-03
0.10650 0.62442 3.123e-03
0.10700 0.62345 3.123e-03
0.10750 0.62124 3.123e-03
0.10800 0.62563 3.123e-03
0.10850 0.62985 3.123e-03
0.10900 0.62514 3.123e-03
0.10950 0.62926 3.123e-03
0.11000 0.62489 3.123e-03
0.11050 0.62213 3.123e-03
0.11100 0.62699 3.123e-03
0.11150 0.62373 3.123e-03
0.11200 0.62284 3.123e-03
0.11250 0.62553 3.123e-03
0.11300 0.62567 3.123e-03
0.11350 0.62360 3.123e-03
0.11400 0.62283 3.123e-03
0.11450 0.62534 3.123e-03
0.11500 0.62456 3.123e-03
0.11550 0.62379 3.123e-03
0.11600 0.62729 3.123e-03
0.11650 0.62995 3.123e-03
0.11700 0.62551 3.123e-03
0.11750 0.62988 3.123e-03
0.11800 0.62337 3.123e-03
0.11850 0.61685 3.123e-03
0.11900 0.62977 3.123e-03
0.11950 0.62856 3.123e-03
0.12000 0.62784 3.123e-03
0.12050 0.62441 3.123e-03
0.12100 0.62937 3.123e-03
0.12150 0.62105 3.123e-03
0.12200 0.63251 3.123e-03
0.12250 0.62566 3.123e-03
0.12300 0.62012 3.123e-03
0.12350 0.63018 3.123e-03
0.12400 0.62535 3.123e-03
0.12450 0.62513 3.123e-03
0.12500 0.62541 3.123e-03
0.12550 0.62485 3.123e-03
0.12600 0.62700 3.123e-03
0.12650 0.62453 3.123e-03
0.12700 0.62538 3.123e-03
0.12750 0.62489 3.123e-03
0.12800 0.62736 3.123e-03
0.12850 0.62332 3.123e-03
0.12900 0.62538 3.123e-03
0.12950 0.62397 3.123e-03
0.13000 0.62376 3.123e-03
0.13050 0.62557 3.123e-03
0.13100 0.62364 3.123e-03
0.13150 0.62608 3.123e-03
0.13200 0.62400 3.123e-03
0.13250 0.62093 3.123e-03
0.13300 0.62374 3.123e-03
0.13350 0.62376 3.123e-03
0.13400 0.62718 3.123e-03
0.13450 0.62121 3.123e-03
0.13500 0.62914 3.123e-03
0.13550 0.62320 3.123e-03
0.13600 0.62454 3.123e-03
0.13650 0.62684 3.123e-03
0.13700 0.62174 3.123e-03
0.13750 0.62525 3.123e-03
0.13800 0.62439 3.123e-03
0.13850 0.62329 3.123e-03
0.13900 0.62694 3.123e-03
0.13950 0.62529 3.123e-03
0.14000 0.62440 3.123e-03
0.14050 0.61954 3.123e-03
0.14100 0.62104 3.123e-03
0.14150 0.62818 3.123e-03
0.14200 0.62324 3.123e-03
0.14250 0.62600 3.123e-03
0.14300 0.63063 3.123e-03
0.14350 0.62371 3.123e-03
0.14400 0.62365 3.123e-03
0.14450 0.63004 3.123e-03
0.14500 0.62613 3.123e-03
0.14550 0.62936 3.123e-03
0.14600 0.62200 3.123e-03
0.14650 0.62466 3.123e-03
0.14700 0.61932 3.123e-03
0.14750 0.63146 3.123e-03
0.14800 0.62299 3.123e-03
0.14850 0.62363 3.123e-03
0.14900 0.62334 3.123e-03
0.14950 0.62359 3.123e-03
0.15000 0.62236 3.123e-03
0.15050 0.62516 3.123e-03
0.15100 0.62272 3.123e-03
0.15150 0.62427 3.123e-03
0.15200 0.62468 3.123e-03
0.15250 0.62345 3.123e-03
0.15300 0.62594 3.123e-03
0.15350 0.62056 3.123e-03
0.15400 0.62894 3.123e-03
0.15450 0.62317 3.123e-03
0.15500 0.63164 3.123e-03
0.15550 0.63095 3.123e-03
0.15600 0.62206 3.123e-03
0.15650 0.62291 3.123e-03
0.15700 0.62658 3.123e-03
0.15750 0.62980 3.123e-03
0.15800 0.61951 3.123e-03
0.15850 0.62817 3.123e-03
0.15900 0.62705 3.123e-03
0.15950 0.62845 3.123e-03
0.16000 0.62462 3.123e-03
0.16050 0.62265 3.123e-03
0.16100 0.62438 3.123e-03
0.16150 0.62014 3.123e-03
0.16200 0.63152 3.123e-03
0.16250 0.62111 3.123e-03
0.16300 0.62204 3.123e-03
0.16350 0.62884 3.123e-03
0.16400 0.62363 3.123e-03
0.16450 0.62618 3.123e-03
0.16500 0.62451 3.123e-03
0.16550 0.62620 3.123e-03
0.16600 0.62175 3.123e-03
0.16650 0.62867 3.123e-03
0.16700 0.62602 3.123e-03
0.16750 0.62249 3.123e-03
0.16800 0.62494 3.123e-03
0.16850 0.62068 3.123e-03
0.16900 0.62371 3.123e-03
0.16950 0.62231 3.123e-03
0.17000 0.62129 3.123e-03
0.17050 0.62548 3.123e-03
0.17100 0.62796 3.123e-03
0.17150 0.62205 3.123e-03
0.17200 0.62739 3.123e-03
0.17250 0.62473 3.123e-03
0.17300 0.62745 3.123e-03
0.17350 0.62369 3.123e-03
0.17400 0.63108 3.123e-03
0.17450 0.62563 3.123e-03
0.17500 0.62317 3.123e-03
0.17550 0.62639 3.123e-03
0.17600 0.62520 3.123e-03
0.17650 0.62377 3.123e-03
0.17700 0.62492 3.123e-03
0.17750 0.62694 3.123e-03
0.17800 0.63393 3.123e-03
0.17850 0.62283 3.123e-03
0.17900 0.62417 3.123e-03
0.17950 0.62578 3.123e-03
0.18000 0.62370 3.123e-03
0.18050 0.62504 3.123e-03
0.18100 0.62281 3.123e-03
0.18150 0.62187 3.123e-03
0.18200 0.62779 3.123e-03
0.18250 0.62251 3.123e-03
0.18300 0.62650 3.123e-03
0.18350 0.62682 3.123e-03
0.18400 0.62286 3.123e-03
0.18450 0.62700 3.123e-03
0.18500 0.62721 3.123e-03
0.18550 0.62411 3.123e-03
0.18600 0.61866 3.123e-03
0.18650 0.62693 3.123e-03
0.18700 0.62338 3.123e-03
0.18750 0.62759 3.123e-03
0.18800 0.62954 3.123e-03
0.18850 0.62369 3.123e-03
0.18900 0.62731 3.123e-03
0.18950 0.62433 3.123e-03
0.19000 0.62570 3.123e-03
0.19050 0.63108 3.123e-03
0.19100 0.62383 3.123e-03
0.19150 0.62682 3.123e-03
0.19200 0.62702 3.123e-03
0.19250 0.61698 3.123e-03
0.19300 0.62688 3.123e-03
0.19350 0.62209 3.123e-03
0.19400 0.62500 3.123e-03
0.19450 0.62755 3.123e-03
0.19500 0.63100 3.123e-03
0.19550 0.62906 3.123e-03
0.19600 0.62668 3.123e-03
0.19650 0.62475 3.123e-03
0.19700 0.62467 3.123e-03
0.19750 0.62954 3.123e-03
0.19800 0.62004 3.123e-03
0.19850 0.62486 3.123e-03
0.19900 0.62431 3.123e-03
0.19950 0.62610 3.123e-03
0.20000 0.62234 3.123e-03
0.20050 0.62482 3.123e-03
0.20100 0.62806 3.123e-03
0.20150 0.62815 3.123e-03
0.20200 0.62563 3.123e-03
0.20250 0.61951 3.123e-03
0.20300 0.62067 3.123e-03
0.20350 0.62785 3.123e-03
0.20400 0.62087 3.123e-03
0.20450 0.62559 3.123e-03
0.20500 0.61904 3.123e-03
0.20550 0.62825 3.123e-03
0.20600 0.62534 3.123e-03
0.20650 0.62353 3.123e-03
0.20700 0.62388 3.123e-03
0.20750 0.62084 3.123e-03
0.20800 0.62564 3.123e-03
0.20850 0.62375 3.123e-03
0.20900 0.62593 3.123e-03
0.20950 0.62919 3.123e-03
0.21000 0.62780 3.123e-03
0.21050 0.62489 3.123e-03
0.21100 0.62631 3.123e-03
0.21150 0.62778 3.123e-03
0.21200 0.62562 3.123e-03
0.21250 0.62264 3.123e-03
0.21300 0.62859 3.123e-03
0.21350 0.62839 3.123e-03
0.21400 0.62684 3.123e-03
0.21450 0.62531 3.123e-03
0.21500 0.61830 3.123e-03
0.21550 0.62435 3.123e-03
0.21600 0.61962 3.123e-03
0.21650 0.62534 3.123e-03
0.21700 0.62641 3.123e-03
0.21750 0.62501 3.123e-03
0.21800 0.62737 3.123e-03
0.21850 0.62539 3.123e-03
0.21900 0.62484 3.123e-03
0.21950 0.62467 3.123e-03
0.22000 0.62341 3.123e-03
0.22050 0.62735 3.123e-03
0.22100 0.61857 3.123e-03
0.22150 0.62538 3.123e-03
0.22200 0.62430 3.123e-03
0.22250 0.62150 3.123e-03
0.22300 0.62793 3.123e-03
0.22350 0.62321 3.123e-03
0.22400 0.62165 3.123e-03
0.22450 0.62562 3.123e-03
0.22500 0.62359 3.123e-03
0.22550 0.61947 3.123e-03
0.22600 0.62295 3.123e-03
0.22650 0.61893 3.123e-03
0.22700 0.62913 3.123e-03
0.22750 0.62861 3.123e-03
0.22800 0.62501 3.123e-03
0.22850 0.62232 3.123e-03
0.22900 0.62559 3.123e-03
0.22950 0.62286 3.123e-03
0.23000 0.62684 3.123e-03
0.23050 0.62542 3.123e-03
0.23100 0.62125 3.123e-03
0.23150 0.62638 3.123e-03
0.23200 0.62137 3.123e-03
0.23250 0.61955 3.123e-03
0.23300 0.62406 3.123e-03
0.23350 0.62872 3.123e-03
0.23400 0.62422 3.123e-03
0.23450 0.62093 3.123e-03
0.23500 0.62881 3.123e-03
0.23550 0.62753 3.123e-03
0.23600 0.62013 3.123e-03
0.23650 0.62123 3.123e-03
0.23700 0.62554 3.123e-03
0.23750 0.62462 3.123e-03
0.23800 0.62987 3.123e-03
0.23850 0.62060 3.123e-03
0.23900 0.62462 3.123e-03
0.23950 0.61864 3.123e-03
0.24000 0.62018 3.123e-03
0.24050 0.62648 3.123e-03
0.24100 0.62673 3.123e-03
0.24150 0.62890 3.123e-03
0.24200 0.63122 3.123e-03
0.24250 0.62561 3.123e-03
0.24300 0.62664 3.123e-03
0.24350 0.62421 3.123e-03
0.24400 0.62293 3.123e-03
0.24450 0.62835 3.123e-03
0.24500 0.62211 3.123e-03
0.24550 0.62209 3.123e-03
0.24600 0.62680 3.123e-03
0.24650 0.62478 3.123e-03
0.24700 0.62592 3.123e-03
0.24750 0.62278 3.123e-03
0.24800 0.62420 3.123e-03
0.24850 0.63076 3.123e-03
0.24900 0.61809 3.123e-03
0.24950 0.62748 3.123e-03
0.25000 0.62340 3.123e-03
0.25050 0.62579 3.123e-03
0.25100 0.62250 3.123e-03
0.25150 0.62367 3.123e-03
0.25200 0.62500 3.123e-03
0.25250 0.62836 3.123e-03
0.25300 0.62854 3.123e-03
0.25350 0.62292 3.123e-03
0.25400 0.62009 3.123e-03
0.25450 0.62738 3.123e-03
0.25500 0.62067 3.123e-03
0.25550 0.62384 3.123e-03
0.25600 0.62283 3.123e-03
0.25650 0.62134 3.123e-03
0.25700 0.62532 3.123e-03
0.25750 0.62649 3.123e-03
0.25800 0.62697 3.123e-03
0.25850 0.62701 3.123e-03
0.25900 0.62861 3.123e-03
0.25950 0.62603 3.123e-03
0.26000 0.63009 3.123e-03
0.26050 0.61699 3.123e-03
0.26100 0.62451 3.123e-03
0.26150 0.61865 3.123e-03
0.26200 0.62390 3.123e-03
0.26250 0.62223 3.123e-03
0.26300 0.62829 3.123e-03
0.26350 0.62124 3.123e-03
0.26400 0.62369 3.123e-03
0.26450 0.62893 3.123e-03
0.26500 0.62098 3.123e-03
0.26550 0.61787 3.123e-03
0.26600 0.62656 3.123e-03
0.26650 0.62775 3.123e-03
0.26700 0.62520 3.123e-03
0.26750 0.62341 3.123e-03
0.26800 0.62056 3.123e-03
0.26850 0.62100 3.123e-03
0.26900 0.62263 3.123e-03
0.26950 0.62708 3.123e-03
0.27000 0.62068 3.123e-03
0.27050 0.62457 3.123e-03
0.27100 0.62048 3.123e-03
0.27150 0.62606 3.123e-03
0.27200 0.62475 3.123e-03
0.27250 0.62517 3.123e-03
0.27300 0.62591 3.123e-03
0.27350 0.62058 3.123e-03
0.27400 0.62765 3.123e-03
0.27450 0.62329 3.123e-03
0.27500 0.61770 3.123e-03
0.27550 0.62810 3.123e-03
0.27600 0.62336 3.123e-03
0.27650 0.62739 3.123e-03
0.27700 0.62735 3.123e-03
0.27750 0.62383 3.123e-03
0.27800 0.61944 3.123e-03
0.27850 0.62532 3.123e-03
0.27900 0.62675 3.123e-03
0.27950 0.62704 3.123e-03
0.28000 0.62308 3.123e-03
0.28050 0.62691 3.123e-03
0.28100 0.62511 3.123e-03
0.28150 0.62110 3.123e-03
0.28200 0.62672 3.123e-03
0.28250 0.62320 3.123e-03
0.28300 0.62357 3.123e-03
0.28350 0.62149 3.123e-03
0.28400 0.63077 3.123e-03
0.28450 0.61832 3.123e-03
0.28500 0.62573 3.123e-03
0.28550 0.62125 3.123e-03
0.28600 0.62341 3.123e-03
0.28650 0.62892 3.123e-03
0.28700 0.62373 3.123e-03
0.28750 0.62576 3.123e-03
0.28800 0.62332 3.123e-03
0.28850 0.62286 3.123e-03
0.28900 0.62892 3.123e-03
0.28950 0.62890 3.123e-03
0.29000 0.62493 3.123e-03
0.29050 0.62320 3.123e-03
0.29100 0.61857 3.123e-03
0.29150 0.62097 3.123e-03
0.29200 0.62678 3.123e-03
0.29250 0.62210 3.123e-03
0.29300 0.62257 3.123e-03
0.29350 0.62858 3.123e-03
0.29400 0.62186 3.123e-03
0.29450 0.62669 3.123e-03
0.29500 0.62835 3.123e-03
0.29550 0.62606 3.123e-03
0.29600 0.62777 3.123e-03
0.29650 0.62602 3.123e-03
0.29700 0.62222 3.123e-03
0.29750 0.62456 3.123e-03
0.29800 0.62196 3.123e-03
0.29850 0.63170 3.123e-03
0.29900 0.62324 3.123e-03
0.29950 0.62428 3.123e-03
0.30000 0.62434 3.123e-03
0.30050 0.62205 3.123e-03
0.30100 0.62459 3.123e-03
0.30150 0.62039 3.123e-03
0.30200 0.62302 3.123e-03
0.30250 0.61862 3.123e-03
0.30300 0.62787 3.123e-03
0.30350 0.62357 3.123e-03
0.30400 0.62300 3.123e-03
0.30450 0.62350 3.123e-03
0.30500 0.62964 3.123e-03
0.30550 0.62318 3.123e-03
0.30600 0.62149 3.123e-03
0.30650 0.63122 3.123e-03
0.30700 0.62597 3.123e-03
0.30750 0.62495 3.123e-03
0.30800 0.62623 3.123e-03
0.30850 0.62495 3.123e-03
0.30900 0.62557 3.123e-03
0.30950 0.62499 3.123e-03
0.31000 0.62660 3.123e-03
0.31050 0.62734 3.123e-03
0.31100 0.62556 3.123e-03
0.31150 0.62925 3.123e-03
0.31200 0.62633 3.123e-03
0.31250 0.62036 3.123e-03
0.31300 0.63072 3.123e-03
0.31350 0.62368 3.123e-03
0.31400 0.62640 3.123e-03
0.31450 0.63250 3.123e-03
0.31500 0.63170 3.123e-03
0.31550 0.62058 3.123e-03
0.31600 0.62743 3.123e-03
0.31650 0.62460 3.123e-03
0.31700 0.62717 3.123e-03
0.31750 0.62825 3.123e-03
0.31800 0.62393 3.123e-03
0.31850 0.62435 3.123e-03
0.31900 0.62251 3.123e-03
0.31950 0.62295 3.123e-03
0.32000 0.62001 3.123e-03
0.32050 0.62567 3.123e-03
0.32100 0.62608 3.123e-03
0.32150 0.62360 3.123e-03
0.32200 0.62588 3.123e-03
0.32250 0.62401 3.123e-03
0.32300 0.62632 3.123e-03
0.32350 0.62101 3.123e-03
0.32400 0.62777 3.123e-03
0.32450 0.61826 3.123e-03
0.32500 0.62850 3.123e-03
0.32550 0.62410 3.123e-03
0.32600 0.62150 3.123e-03
0.32650 0.62268 3.123e-03
0.32700 0.62590 3.123e-03
0.32750 0.62550 3.123e-03
0.32800 0.62721 3.123e-03
0.32850 0.62975 3.123e-03
0.32900 0.62510 3.123e-03
0.32950 0.62244 3.123e-03
0.33000 0.63112 3.123e-03
0.33050 0.62437 3.123e-03
0.33100 0.63435 3.123e-03
0.33150 0.62275 3.123e-03
0.33200 0.61766 3.123e-03
0.33250 0.61817 3.123e-03
0.33300 0.62469 3.123e-03
0.33350 0.62189 3.123e-03
0.33400 0.62346 3.123e-03
0.33450 0.62470 3.123e-03
0.33500 0.61940 3.123e-03
0.33550 0.63094 3.123e-03
0.33600 0.62307 3.123e-03
0.33650 0.62728 3.123e-03
0.33700 0.62063 3.123e-03
0.33750 0.61781 3.123e-03
0.33800 0.62447 3.123e-03
0.33850 0.62318 3.123e-03
0.33900 0.61933 3.123e-03
0.33950 0.62266 3.123e-03
0.34000 0.62150 3.123e-03
0.34050 0.62641 3.123e-03
0.34100 0.62698 3.123e-03
0.34150 0.62737 3.123e-03
0.34200 0.62620 3.123e-03
0.34250 0.62273 3.123e-03
0.34300 0.62183 3.123e-03
0.34350 0.62197 3.123e-03
0.34400 0.62426 3.123e-03
0.34450 0.62611 3.123e-03
0.34500 0.62427 3.123e-03
0.34550 0.62637 3.123e-03
0.34600 0.62827 3.123e-03
0.34650 0.62358 3.123e-03
0.34700 0.62502 3.123e-03
0.34750 0.62094 3.123e-03
0.34800 0.62889 3.123e-03
0.34850 0.62588 3.123e-03
0.34900 0.61985 3.123e-03
0.34950 0.62361 3.123e-03
0.35000 0.62609 3.123e-03
0.35050 0.62710 3.123e-03
0.35100 0.63323 3.123e-03
0.35150 0.62265 3.123e-03
0.35200 0.63030 3.123e-03
0.35250 0.61725 3.123e-03
0.35300 0.62264 3.123e-03
0.35350 0.62042 3.123e-03
0.35400 0.62454 3.123e-03
0.35450 0.61908 3.123e-03
0.35500 0.62592 3.123e-03
0.35550 0.62727 3.123e-03
0.35600 0.62625 3.123e-03
0.35650 0.62714 3.123e-03
0.35700 0.62388 3.123e-03
0.35750 0.62864 3.123e-03
0.35800 0.62376 3.123e-03
0.35850 0.62393 3.123e-03
0.35900 0.62109 3.123e-03
0.35950 0.62503 3.123e-03
0.36000 0.62316 3.123e-03
0.36050 0.62578 3.123e-03
0.36100 0.62841 3.123e-03
0.36150 0.62727 3.123e-03
0.36200 0.62365 3.123e-03
0.36250 0.62680 3.123e-03
0.36300 0.62924 3.123e-03
0.36350 0.62124 3.123e-03
0.36400 0.62527 3.123e-03
0.36450 0.62406 3.123e-03
0.36500 0.62245 3.123e-03
0.36550 0.63254 3.123e-03
0.36600 0.62430 3.123e-03
0.36650 0.62458 3.123e-03
0.36700 0.62514 3.123e-03
0.36750 0.62590 3.123e-03
0.36800 0.62706 3.123e-03
0.36850 0.62574 3.123e-03
0.36900 0.62638 3.123e-03
0.36950 0.62010 3.123e-03
0.37000 0.62433 3.123e-03
0.37050 0.62343 3.123e-03
0.37100 0.62628 3.123e-03
0.37150 0.62518 3.123e-03
0.37200 0.62537 3.123e-03
0.37250 0.62696 3.123e-03
0.37300 0.62661 3.123e-03
0.37350 0.62483 3.123e-03
0.37400 0.61912 3.123e-03
0.37450 0.62637 3.123e-03
0.37500 0.62102 3.123e-03
0.37550 0.62643 3.123e-03
0.37600 0.62408 3.123e-03
0.37650 0.62130 3.123e-03
0.37700 0.62595 3.123e-03
0.37750 0.62249 3.123e-03
0.37800 0.62266 3.123e-03
0.37850 0.61946 3.123e-03
0.37900 0.63300 3.123e-03
0.37950 0.62492 3.123e-03
0.38000 0.62566 3.123e-03
0.38050 0.62332 3.123e-03
0.38100 0.62515 3.123e-03
0.38150 0.62479 3.123e-03
0.38200 0.62287 3.123e-03
0.38250 0.62494 3.123e-03
0.38300 0.62448 3.123e-03
0.38350 0.62318 3.123e-03
0.38400 0.62516 3.123e-03
0.38450 0.62414 3.123e-03
0.38500 0.62575 3.123e-03
0.38550 0.62459 3.123e-03
0.38600 0.62435 3.123e-03
0.38650 0.62167 3.123e-03
0.38700 0.62346 3.123e-03
0.38750 0.62470 3.123e-03
0.38800 0.62695 3.123e-03
0.38850 0.62279 3.123e-03
0.38900 0.62572 3.123e-03
0.38950 0.62144 3.123e-03
0.39000 0.62681 3.123e-03
0.39050 0.62038 3.123e-03
0.39100 0.62321 3.123e-03
0.39150 0.61993 3.123e-03
0.39200 0.63013 3.123e-03
0.39250 0.62108 3.123e-03
0.39300 0.62482 3.123e-03
0.39350 0.62530 3.123e-03
0.39400 0.61856 3.123e-03
0.39450 0.62004 3.123e-03
0.39500 0.62512 3.123e-03
0.39550 0.62442 3.123e-03
0.39600 0.62968 3.123e-03
0.39650 0.62948 3.123e-03
0.39700 0.62163 3.123e-03
0.39750 0.62288 3.123e-03
0.39800 0.62154 3.123e-03
0.39850 0.62518 3.123e-03
0.39900 0.62617 3.123e-03
0.39950 0.62599 3.123e-03
0.40000 0.62470 3.123e-03
0.40050 0.62444 3.123e-03
0.40100 0.62118 3.123e-03
0.40150 0.62329 3.123e-03
0.40200 0.62639 3.123e-03
0.40250 0.62518 3.123e-03
0.40300 0.62920 3.123e-03
0.40350 0.62072 3.123e-03
0.40400 0.63086 3.123e-03
0.40450 0.62275 3.123e-03
0.40500 0.62704 3.123e-03
0.40550 0.63260 3.123e-03
0.40600 0.63018 3.123e-03
0.40650 0.62274 3.123e-03
0.40700 0.62575 3.123e-03
0.40750 0.62011 3.123e-03
0.40800 0.62234 3.123e-03
0.40850 0.62633 3.123e-03
0.40900 0.62532 3.123e-03
0.40950 0.62830 3.123e-03
0.41000 0.62288 3.123e-03
0.41050 0.63111 3.123e-03
0.41100 0.62200 3.123e-03
0.41150 0.62852 3.123e-03
0.41200 0.62637 3.123e-03
0.41250 0.62781 3.123e-03
0.41300 0.61994 3.123e-03
0.41350 0.62100 3.123e-03
0.41400 0.62663 3.123e-03
0.41450 0.62296 3.123e-03
0.41500 0.62282 3.123e-03
0.41550 0.63068 3.123e-03
0.41600 0.62060 3.123e-03
0.41650 0.62507 3.123e-03
0.41700 0.62221 3.123e-03
0.41750 0.63134 3.123e-03
0.41800 0.62627 3.123e-03
0.41850 0.61793 3.123e-03
0.41900 0.62903 3.123e-03
0.41950 0.62234 3.123e-03
0.42000 0.62127 3.123e-03
0.42050 0.63045 3.123e-03
0.42100 0.61911 3.123e-03
0.42150 0.61826 3.123e-03
0.42200 0.62581 3.123e-03
0.42250 0.61817 3.123e-03
0.42300 0.62392 3.123e-03
0.42350 0.62880 3.123e-03
0.42400 0.62953 3.123e-03
0.42450 0.62291 3.123e-03
0.42500 0.62968 3.123e-03
0.42550 0.62331 3.123e-03
0.42600 0.62219 3.123e-03
0.42650 0.62141 3.123e-03
0.42700 0.62644 3.123e-03
0.42750 0.62041 3.123e-03
0.42800 0.62833 3.123e-03
0.42850 0.62164 3.123e-03
0.42900 0.62373 3.123e-03
0.42950 0.62809 3.123e-03
0.43000 0.62208 3.123e-03
0.43050 0.62430 3.123e-03
0.43100 0.62448 3.123e-03
0.43150 0.62511 3.123e-03
0.43200 0.62564 3.123e-03
0.43250 0.61691 3.123e-03
0.43300 0.62214 3.123e-03
0.43350 0.62417 3.123e-03
0.43400 0.62477 3.123e-03
0.43450 0.62285 3.123e-03
0.43500 0.62552 3.123e-03
0.43550 0.63027 3.123e-03
0.43600 0.62555 3.123e-03
0.43650 0.63277 3.123e-03
0.43700 0.62426 3.123e-03
0.43750 0.62299 3.123e-03
0.43800 0.62112 3.123e-03
0.43850 0.62432 3.123e-03
0.43900 0.62465 3.123e-03
0.43950 0.62532 3.123e-03
0.44000 0.62489 3.123e-03
0.44050 0.62606 3.123e-03
0.44100 0.62585 3.123e-03
0.44150 0.62734 3.123e-03
0.44200 0.62605 3.123e-03
0.44250 0.62164 3.123e-03
0.44300 0.62468 3.123e-03
0.44350 0.62307 3.123e-03
0.44400 0.62322 3.123e-03
0.44450 0.62738 3.123e-03
0.44500 0.61827 3.123e-03
0.44550 0.62161 3.123e-03
0.44600 0.62272 3.123e-03
0.44650 0.62453 3.123e-03
0.44700 0.62500 3.123e-03
0.44750 0.61946 3.123e-03
0.44800 0.62674 3.123e-03
0.44850 0.62364 3.123e-03
0.44900 0.62038 3.123e-03
0.44950 0.62677 3.123e-03
0.45000 0.61735 3.123e-03
0.45050 0.62512 3.123e-03
0.45100 0.62507 3.123e-03
0.45150 0.62763 3.123e-03
0.45200 0.62504 3.123e-03
0.45250 0.62878 3.123e-03
0.45300 0.62493 3.123e-03
0.45350 0.62600 3.123e-03
0.45400 0.61795 3.123e-03
0.45450 0.62107 3.123e-03
0.45500 0.62447 3.123e-03
0.45550 0.62257 3.123e-03
0.45600 0.63100 3.123e-03
0.45650 0.62921 3.123e-03
0.45700 0.62275 3.123e-03
0.45750 0.62078 3.123e-03
0.45800 0.62385 3.123e-03
0.45850 0.62242 3.123e-03
0.45900 0.62481 3.123e-03
0.45950 0.62241 3.123e-03
0.46000 0.62082 3.123e-03
0.46050 0.62302 3.123e-03
0.46100 0.61985 3.123e-03
0.46150 0.61407 3.123e-03
0.46200 0.61249 3.123e-03
0.46250 0.62109 3.123e-03
0.46300 0.61691 3.123e-03
0.46350 0.61857 3.123e-03
0.46400 0.61900 3.123e-03
0.46450 0.62107 3.123e-03
0.46500 0.61601 3.123e-03
0.46550 0.61652 3.123e-03
0.46600 0.61868 3.123e-03
0.46650 0.61364 3.123e-03
0.46700 0.61512 3.123e-03
0.46750 0.60770 3.123e-03
0.46800 0.61282 3.123e-03
0.46850 0.61167 3.123e-03
0.46900 0.60708 3.123e-03
0.46950 0.60822 3.123e-03
0.47000 0.60666 3.123e-03
0.47050 0.60592 3.123e-03
0.47100 0.60317 3.123e-03
0.47150 0.59782 3.123e-03
0.47200 0.60604 3.123e-03
0.47250 0.60842 3.123e-03
0.47300 0.60501 3.123e-03
0.47350 0.60056 3.123e-03
0.47400 0.59963 3.123e-03
0.47450 0.59129 3.123e-03
0.47500 0.59029 3.123e-03
0.47550 0.59434 3.123e-03
0.47600 0.59268 3.123e-03
0.47650 0.59259 3.123e-03
0.47700 0.58806 3.123e-03
0.47750 0.58957 3.123e-03
0.47800 0.58984 3.123e-03
0.47850 0.58211 3.123e-03
0.47900 0.58324 3.123e-03
0.47950 0.58518 3.123e-03
0.48000 0.58043 3.123e-03
0.48050 0.57679 3.123e-03
0.48100 0.58090 3.123e-03
0.48150 0.57584 3.123e-03
0.48200 0.57954 3.123e-03
0.48250 0.57696 3.123e-03
0.48300 0.57442 3.123e-03
0.48350 0.57741 3.123e-03
0.48400 0.57316 3.123e-03
0.48450 0.57260 3.123e-03
0.48500 0.56670 3.123e-03
0.48550 0.56495 3.123e-03
0.48600 0.56690 3.123e-03
0.48650 0.56464 3.123e-03
0.48700 0.56052 3.123e-03
0.48750 0.56703 3.123e-03
0.48800 0.56323 3.123e-03
0.48850 0.55974 3.123e-03
0.48900 0.55568 3.123e-03
0.48950 0.56083 3.123e-03
0.49000 0.55522 3.123e-03
0.49050 0.55703 3.123e-03
0.49100 0.55373 3.123e-03
0.49150 0.55469 3.123e-03
0.49200 0.54456 3.123e-03
0.49250 0.55403 3.123e-03
0.49300 0.54558 3.123e-03
0.49350 0.54449 3.123e-03
0.49400 0.54498 3.123e-03
0.49450 0.54033 3.123e-03
0.49500 0.54774 3.123e-03
0.49550 0.54608 3.123e-03
0.49600 0.54197 3.123e-03
0.49650 0.53610 3.123e-03
0.49700 0.53779 3.123e-03
0.49750 0.53650 3.123e-03
0.49800 0.53456 3.123e-03
0.49850 0.53598 3.123e-03
0.49900 0.54173 3.123e-03
0.49950 0.53264 3.123e-03
0.50000 0.53200 3.123e-03
0.50050 0.52829 3.123e-03
0.50100 0.53211 3.123e-03
0.50150 0.52994 3.123e-03
0.50200 0.53469 3.123e-03
0.50250 0.53638 3.123e-03
0.50300 0.53937 3.123e-03
0.50350 0.53856 3.123e-03
0.50400 0.54319 3.123e-03
0.50450 0.54031 3.123e-03
0.50500 0.54009 3.123e-03
0.50550 0.54278 3.123e-03
0.50600 0.54136 3.123e-03
0.50650 0.55388 3.123e-03
0.50700 0.54692 3.123e-03
0.50750 0.54643 3.123e-03
0.50800 0.54988 3.123e-03
0.50850 0.55399 3.123e-03
0.50900 0.54998 3.123e-03
0.50950 0.55645 3.123e-03
0.51000 0.55702 3.123e-03
0.51050 0.55903 3.123e-03
0.51100 0.56018 3.123e-03
0.51150 0.56268 3.123e-03
0.51200 0.56460 3.123e-03
0.51250 0.56035 3.123e-03
0.51300 0.56705 3.123e-03
0.51350 0.56486 3.123e-03
0.51400 0.56639 3.123e-03
0.51450 0.56504 3.123e-03
0.51500 0.57031 3.123e-03
0.51550 0.57247 3.123e-03
0.51600 0.57128 3.123e-03
0.51650 0.57705 3.123e-03
0.51700 0.57733 3.123e-03
0.51750 0.57744 3.123e-03
0.51800 0.57134 3.123e-03
0.51850 0.57883 3.123e-03
0.51900 0.57615 3.123e-03
0.51950 0.58054 3.123e-03
0.52000 0.58487 3.123e-03
0.52050 0.58326 3.123e-03
0.52100 0.58573 3.123e-03
0.52150 0.58711 3.123e-03
0.52200 0.58374 3.123e-03
0.52250 0.59003 3.123e-03
0.52300 0.59016 3.123e-03
0.52350 0.58975 3.123e-03
0.52400 0.59640 3.123e-03
0.52450 0.59400 3.123e-03
0.52500 0.59689 3.123e-03
0.52550 0.59722 3.123e-03
0.52600 0.60366 3.123e-03
0.52650 0.60185 3.123e-03
0.52700 0.59877 3.123e-03
0.52750 0.59784 3.123e-03
0.52800 0.60465 3.123e-03
0.52850 0.60818 3.123e-03
0.52900 0.61004 3.123e-03
0.52950 0.60442 3.123e-03
0.53000 0.60195 3.123e-03
0.53050 0.60828 3.123e-03
0.53100 0.60392 3.123e-03
0.53150 0.61233 3.123e-03
0.53200 0.60772 3.123e-03
0.53250 0.61398 3.123e-03
0.53300 0.61190 3.123e-03
0.53350 0.61171 3.123e-03
0.53400 0.61486 3.123e-03
0.53450 0.61468 3.123e-03
0.53500 0.62245 3.123e-03
0.53550 0.61448 3.123e-03
0.53600 0.61909 3.123e-03
0.53650 0.61947 3.123e-03
0.53700 0.61808 3.123e-03
0.53750 0.62305 3.123e-03
0.53800 0.62072 3.123e-03
0.53850 0.61814 3.123e-03
0.53900 0.62298 3.123e-03
0.53950 0.61720 3.123e-03
0.54000 0.62090 3.123e-03
0.54050 0.62188 3.123e-03
0.54100 0.62499 3.123e-03
0.54150 0.62048 3.123e-03
0.54200 0.62231 3.123e-03
0.54250 0.61989 3.123e-03
0.54300 0.62330 3.123e-03
0.54350 0.62207 3.123e-03
0.54400 0.62912 3.123e-03
0.54450 0.62680 3.123e-03
0.54500 0.62303 3.123e-03
0.54550 0.62211 3.123e-03
0.54600 0.62690 3.123e-03
0.54650 0.62231 3.123e-03
0.54700 0.62573 3.123e-03
0.54750 0.62401 3.123e-03
0.54800 0.62285 3.123e-03
0.54850 0.62751 3.123e-03
0.54900 0.62533 3.123e-03
0.54950 0.63465 3.123e-03
0.55000 0.62279 3.123e-03
0.55050 0.62135 3.123e-03
0.55100 0.62555 3.123e-03
0.55150 0.62482 3.123e-03
0.55200 0.62403 3.123e-03
0.55250 0.62427 3.123e-03
0.55300 0.62300 3.123e-03
0.55350 0.63090 3.123e-03
0.55400 0.61852 3.123e-03
0.55450 0.62425 3.123e-03
0.55500 0.63168 3.123e-03
0.55550 0.62822 3.123e-03
0.55600 0.62535 3.123e-03
0.55650 0.62516 3.123e-03
0.55700 0.62765 3.123e-03
0.55750 0.62022 3.123e-03
0.55800 0.62332 3.123e-03
0.55850 0.62391 3.123e-03
0.55900 0.61828 3.123e-03
0.55950 0.62412 3.123e-03
0.56000 0.62566 3.123e-03
0.56050 0.62096 3.123e-03
0.56100 0.62418 3.123e-03
0.56150 0.62317 3.123e-03
0.56200 0.62442 3.123e-03
0.56250 0.62725 3.123e-03
0.56300 0.63042 3.123e-03
0.56350 0.62542 3.123e-03
0.56400 0.62467 3.123e-03
0.56450 0.62453 3.123e-03
0.56500 0.62559 3.123e-03
0.56550 0.62889 3.123e-03
0.56600 0.61685 3.123e-03
0.56650 0.61815 3.123e-03
0.56700 0.61928 3.123e-03
0.56750 0.62619 3.123e-03
0.56800 0.62558 3.123e-03
0.56850 0.62727 3.123e-03
0.56900 0.62524 3.123e-03
0.56950 0.62958 3.123e-03
0.57000 0.62314 3.123e-03
0.57050 0.62347 3.123e-03
0.57100 0.62774 3.123e-03
0.57150 0.62491 3.123e-03
0.57200 0.62770 3.123e-03
0.57250 0.61990 3.123e-03
0.57300 0.62202 3.123e-03
0.57350 0.62222 3.123e-03
0.57400 0.62460 3.123e-03
0.57450 0.62718 3.123e-03
0.57500 0.62442 3.123e-03
0.57550 0.62604 3.123e-03
0.57600 0.62201 3.123e-03
0.57650 0.62446 3.123e-03
0.57700 0.62295 3.123e-03
0.57750 0.62607 3.123e-03
0.57800 0.62431 3.123e-03
0.57850 0.62581 3.123e-03
0.57900 0.63171 3.123e-03
0.57950 0.62615 3.123e-03
0.58000 0.62350 3.123e-03
0.58050 0.61783 3.123e-03
0.58100 0.62744 3.123e-03
0.58150 0.62366 3.123e-03
0.58200 0.62587 3.123e-03
0.58250 0.62889 3.123e-03
0.58300 0.62419 3.123e-03
0.58350 0.62408 3.123e-03
0.58400 0.62644 3.123e-03
0.58450 0.62558 3.123e-03
0.58500 0.62278 3.123e-03
0.58550 0.62027 3.123e-03
0.58600 0.62123 3.123e-03
0.58650 0.62849 3.123e-03
0.58700 0.62661 3.123e-03
0.58750 0.62260 3.123e-03
0.58800 0.62585 3.123e-03
0.58850 0.62951 3.123e-03
0.58900 0.62242 3.123e-03
0.58950 0.62912 3.123e-03
0.59000 0.62823 3.123e-03
0.59050 0.62080 3.123e-03
0.59100 0.62197 3.123e-03
0.59150 0.62482 3.123e-03
0.59200 0.62025 3.123e-03
0.59250 0.62428 3.123e-03
0.59300 0.62782 3.123e-03
0.59350 0.62227 3.123e-03
0.59400 0.62688 3.123e-03
0.59450 0.62815 3.123e-03
0.59500 0.62479 3.123e-03
0.59550 0.62314 3.123e-03
0.59600 0.62780 3.123e-03
0.59650 0.61981 3.123e-03
0.59700 0.63002 3.123e-03
0.59750 0.62412 3.123e-03
0.59800 0.62089 3.123e-03
0.59850 0.62638 3.123e-03
0.59900 0.62308 3.123e-03
0.59950 0.62307 3.123e-03
0.60000 0.62382 3.123e-03
0.60050 0.62609 3.123e-03
0.60100 0.62664 3.123e-03
0.60150 0.62320 3.123e-03
0.60200 0.62524 3.123e-03
0.60250 0.62333 3.123e-03
0.60300 0.62684 3.123e-03
0.60350 0.62712 3.123e-03
0.60400 0.62240 3.123e-03
0.60450 0.62553 3.123e-03
0.60500 0.62832 3.123e-03
0.60550 0.62713 3.123e-03
0.60600 0.62261 3.123e-03
0.60650 0.62717 3.123e-03
0.60700 0.62971 3.123e-03
0.60750 0.62586 3.123e-03
0.60800 0.62404 3.123e-03
0.60850 0.61972 3.123e-03
0.60900 0.62530 3.123e-03
0.60950 0.62156 3.123e-03
0.61000 0.62712 3.123e-03
0.61050 0.62366 3.123e-03
0.61100 0.62529 3.123e-03
0.61150 0.62002 3.123e-03
0.61200 0.62576 3.123e-03
0.61250 0.62364 3.123e-03
0.61300 0.61996 3.123e-03
0.61350 0.62439 3.123e-03
0.61400 0.62488 3.123e-03
0.61450 0.62378 3.123e-03
0.61500 0.62491 3.123e-03
0.61550 0.62568 3.123e-03
0.61600 0.62743 3.123e-03
0.61650 0.62490 3.123e-03
0.61700 0.62123 3.123e-03
0.61750 0.62498 3.123e-03
0.61800 0.62104 3.123e-03
0.61850 0.62473 3.123e-03
0.61900 0.62474 3.123e-03
0.61950 0.62123 3.123e-03
0.62000 0.62323 3.123e-03
0.62050 0.62269 3.123e-03
0.62100 0.62353 3.123e-03
0.62150 0.62953 3.123e-03
0.62200 0.61916 3.123e-03
0.62250 0.62308 3.123e-03
0.62300 0.62901 3.123e-03
0.62350 0.63196 3.123e-03
0.62400 0.62123 3.123e-03
0.62450 0.62647 3.123e-03
0.62500 0.62477 3.123e-03
0.62550 0.62534 3.123e-03
0.62600 0.62261 3.123e-03
0.62650 0.62363 3.123e-03
0.62700 0.62103 3.123e-03
0.62750 0.62633 3.123e-03
0.62800 0.62708 3.123e-03
0.62850 0.62955 3.123e-03
0.62900 0.62213 3.123e-03
0.62950 0.62340 3.123e-03
0.63000 0.62339 3.123e-03
0.63050 0.62446 3.123e-03
0.63100 0.62323 3.123e-03
0.63150 0.62575 3.123e-03
0.63200 0.62426 3.123e-03
0.63250 0.62263 3.123e-03
0.63300 0.62647 3.123e-03
0.63350 0.62165 3.123e-03
0.63400 0.62453 3.123e-03
0.63450 0.62959 3.123e-03
0.63500 0.62590 3.123e-03
0.63550 0.62312 3.123e-03
0.63600 0.62179 3.123e-03
0.63650 0.62635 3.123e-03
0.63700 0.62333 3.123e-03
0.63750 0.62508 3.123e-03
0.63800 0.62440 3.123e-03
0.63850 0.62923 3.123e-03
0.63900 0.62510 3.123e-03
0.63950 0.62340 3.123e-03
0.64000 0.62870 3.123e-03
0.64050 0.62514 3.123e-03
0.64100 0.62732 3.123e-03
0.64150 0.62516 3.123e-03
0.64200 0.62369 3.123e-03
0.64250 0.62958 3.123e-03
0.64300 0.62698 3.123e-03
0.64350 0.62854 3.123e-03
0.64400 0.62632 3.123e-03
0.64450 0.62767 3.123e-03
0.64500 0.62735 3.123e-03
0.64550 0.63108 3.123e-03
0.64600 0.62553 3.123e-03
0.64650 0.62014 3.123e-03
0.64700 0.62146 3.123e-03
0.64750 0.62137 3.123e-03
0.64800 0.62611 3.123e-03
0.64850 0.63140 3.123e-03
0.64900 0.62845 3.123e-03
0.64950 0.62318 3.123e-03
0.65000 0.62145 3.123e-03
0.65050 0.62387 3.123e-03
0.65100 0.62282 3.123e-03
0.65150 0.62609 3.123e-03
0.65200 0.62057 3.123e-03
0.65250 0.63055 3.123e-03
0.65300 0.62933 3.123e-03
0.65350 0.62582 3.123e-03
0.65400 0.62259 3.123e-03
0.65450 0.62510 3.123e-03
0.65500 0.63082 3.123e-03
0.65550 0.62418 3.123e-03
0.65600 0.62231 3.123e-03
0.65650 0.62398 3.123e-03
0.65700 0.62615 3.123e-03
0.65750 0.62536 3.123e-03
0.65800 0.62786 3.123e-03
0.65850 0.62642 3.123e-03
0.65900 0.62513 3.123e-03
0.65950 0.62345 3.123e-03
0.66000 0.62713 3.123e-03
0.66050 0.62447 3.123e-03
0.66100 0.62669 3.123e-03
0.66150 0.62572 3.123e-03
0.66200 0.62607 3.123e-03
0.66250 0.62546 3.123e-03
0.66300 0.62195 3.123e-03
0.66350 0.62763 3.123e-03
0.66400 0.61929 3.123e-03
0.66450 0.63058 3.123e-03
0.66500 0.62918 3.123e-03
0.66550 0.62231 3.123e-03
0.66600 0.62584 3.123e-03
0.66650 0.62673 3.123e-03
0.66700 0.62194 3.123e-03
0.66750 0.62635 3.123e-03
0.66800 0.62561 3.123e-03
0.66850 0.62258 3.123e-03
0.66900 0.62510 3.123e-03
0.66950 0.62037 3.123e-03
0.67000 0.62477 3.123e-03
0.67050 0.62370 3.123e-03
0.67100 0.63036 3.123e-03
0.67150 0.62107 3.123e-03
0.67200 0.62017 3.123e-03
0.67250 0.62045 3.123e-03
0.67300 0.61911 3.123e-03
0.67350 0.62353 3.123e-03
0.67400 0.62098 3.123e-03
0.67450 0.62557 3.123e-03
0.67500 0.62656 3.123e-03
0.67550 0.62534 3.123e-03
0.67600 0.62474 3.123e-03
0.67650 0.62449 3.123e-03
0.67700 0.61827 3.123e-03
0.67750 0.62381 3.123e-03
0.67800 0.62417 3.123e-03
0.67850 0.61920 3.123e-03
0.67900 0.62305 3.123e-03
0.67950 0.62173 3.123e-03
0.68000 0.62002 3.123e-03
0.68050 0.62330 3.123e-03
0.68100 0.62616 3.123e-03
0.68150 0.62348 3.123e-03
0.68200 0.62772 3.123e-03
0.68250 0.62528 3.123e-03
0.68300 0.61962 3.123e-03
0.68350 0.62405 3.123e-03
0.68400 0.61799 3.123e-03
0.68450 0.62245 3.123e-03
0.68500 0.62556 3.123e-03
0.68550 0.62405 3.123e-03
0.68600 0.62532 3.123e-03
0.68650 0.62602 3.123e-03
0.68700 0.62464 3.123e-03
0.68750 0.62785 3.123e-03
0.68800 0.62078 3.123e-03
0.68850 0.62236 3.123e-03
0.68900 0.62594 3.123e-03
0.68950 0.62104 3.123e-03
0.69000 0.62364 3.123e-03
0.69050 0.62550 3.123e-03
0.69100 0.62547 3.123e-03
0.69150 0.63212 3.123e-03
0.69200 0.62060 3.123e-03
0.69250 0.62656 3.123e-03
0.69300 0.62390 3.123e-03
0.69350 0.61929 3.123e-03
0.69400 0.62495 3.123e-03
0.69450 0.62268 3.123e-03
0.69500 0.62989 3.123e-03
0.69550 0.62035 3.123e-03
0.69600 0.61807 3.123e-03
0.69650 0.62670 3.123e-03
0.69700 0.62000 3.123e-03
0.69750 0.62332 3.123e-03
0.69800 0.62364 3.123e-03
0.69850 0.62883 3.123e-03
0.69900 0.62207 3.123e-03
0.69950 0.62425 3.123e-03
0.70000 0.62700 3.123e-03
0.70050 0.62353 3.123e-03
0.70100 0.62296 3.123e-03
0.70150 0.62248 3.123e-03
0.70200 0.62695 3.123e-03
0.70250 0.62322 3.123e-03
0.70300 0.62453 3.123e-03
0.70350 0.62790 3.123e-03
0.70400 0.62124 3.123e-03
0.70450 0.62439 3.123e-03
0.70500 0.62486 3.123e-03
0.70550 0.62618 3.123e-03
0.70600 0.62825 3.123e-03
0.70650 0.62830 3.123e-03
0.70700 0.62603 3.123e-03
0.70750 0.62585 3.123e-03
0.70800 0.61725 3.123e-03
0.70850 0.62747 3.123e-03
0.70900 0.62480 3.123e-03
0.70950 0.61994 3.123e-03
0.71000 0.62593 3.123e-03
0.71050 0.62869 3.123e-03
0.71100 0.62012 3.123e-03
0.71150 0.62348 3.123e-03
0.71200 0.62445 3.123e-03
0.71250 0.62384 3.123e-03
0.71300 0.62867 3.123e-03
0.71350 0.62527 3.123e-03
0.71400 0.62343 3.123e-03
0.71450 0.62559 3.123e-03
0.71500 0.62437 3.123e-03
0.71550 0.61944 3.123e-03
0.71600 0.62469 3.123e-03
0.71650 0.62927 3.123e-03
0.71700 0.63110 3.123e-03
0.71750 0.63129 3.123e-03
0.71800 0.62467 3.123e-03
0.71850 0.62290 3.123e-03
0.71900 0.62425 3.123e-03
0.71950 0.62596 3.123e-03
0.72000 0.61871 3.123e-03
0.72050 0.62572 3.123e-03
0.72100 0.62348 3.123e-03
0.72150 0.62674 3.123e-03
0.72200 0.62639 3.123e-03
0.72250 0.62468 3.123e-03
0.72300 0.62354 3.123e-03
0.72350 0.63185 3.123e-03
0.72400 0.62035 3.123e-03
0.72450 0.61561 3.123e-03
0.72500 0.62801 3.123e-03
0.72550 0.62149 3.123e-03
0.72600 0.62264 3.123e-03
0.72650 0.62117 3.123e-03
0.72700 0.62219 3.123e-03
0.72750 0.62811 3.123e-03
0.72800 0.62162 3.123e-03
0.72850 0.62834 3.123e-03
0.72900 0.62804 3.123e-03
0.72950 0.62397 3.123e-03
0.73000 0.62876 3.123e-03
0.73050 0.61761 3.123e-03
0.73100 0.62353 3.123e-03
0.73150 0.62287 3.123e-03
0.73200 0.62624 3.123e-03
0.73250 0.62337 3.123e-03
0.73300 0.62839 3.123e-03
0.73350 0.62557 3.123e-03
0.73400 0.62620 3.123e-03
0.73450 0.62480 3.123e-03
0.73500 0.62590 3.123e-03
0.73550 0.62775 3.123e-03
0.73600 0.62381 3.123e-03
0.73650 0.62188 3.123e-03
0.73700 0.62676 3.123e-03
0.73750 0.62284 3.123e-03
0.73800 0.62554 3.123e-03
0.73850 0.62485 3.123e-03
0.73900 0.62522 3.123e-03
0.73950 0.62665 3.123e-03
0.74000 0.62448 3.123e-03
0.74050 0.62398 3.123e-03
0.74100 0.62437 3.123e-03
0.74150 0.62797 3.123e-03
0.74200 0.62858 3.123e-03
0.74250 0.62770 3.123e-03
0.74300 0.62366 3.123e-03
0.74350 0.62807 3.123e-03
0.74400 0.62747 3.123e-03
0.74450 0.62560 3.123e-03
0.74500 0.62634 3.123e-03
0.74550 0.62205 3.123e-03
0.74600 0.62597 3.123e-03
0.74650 0.62347 3.123e-03
0.74700 0.62310 3.123e-03
0.74750 0.63375 3.123e-03
0.74800 0.62284 3.123e-03
0.74850 0.62653 3.123e-03
0.74900 0.62727 3.123e-03
0.74950 0.62349 3.123e-03
0.75000 0.62374 3.123e-03
0.75050 0.61862 3.123e-03
0.75100 0.62509 3.123e-03
0.75150 0.62609 3.123e-03
0.75200 0.62697 3.123e-03
0.75250 0.62188 3.123e-03
0.75300 0.62540 3.123e-03
0.75350 0.62800 3.123e-03
0.75400 0.62431 3.123e-03
0.75450 0.62638 3.123e-03
0.75500 0.62543 3.123e-03
0.75550 0.62568 3.123e-03
0.75600 0.62038 3.123e-03
0.75650 0.62298 3.123e-03
0.75700 0.62018 3.123e-03
0.75750 0.62515 3.123e-03
0.75800 0.62447 3.123e-03
0.75850 0.61872 3.123e-03
0.75900 0.62921 3.123e-03
0.75950 0.62346 3.123e-03
0.76000 0.62657 3.123e-03
0.76050 0.62954 3.123e-03
0.76100 0.62671 3.123e-03
0.76150 0.62624 3.123e-03
0.76200 0.62591 3.123e-03
0.76250 0.62368 3.123e-03
0.76300 0.62551 3.123e-03
0.76350 0.62412 3.123e-03
0.76400 0.62902 3.123e-03
0.76450 0.62664 3.123e-03
0.76500 0.62383 3.123e-03
0.76550 0.62757 3.123e-03
0.76600 0.62765 3.123e-03
0.76650 0.62462 3.123e-03
0.76700 0.63016 3.123e-03
0.76750 0.62555 3.123e-03
0.76800 0.62091 3.123e-03
0.76850 0.62676 3.123e-03
0.76900 0.61982 3.123e-03
0.76950 0.62507 3.123e-03
0.77000 0.62506 3.123e-03
0.77050 0.62612 3.123e-03
0.77100 0.62857 3.123e-03
0.77150 0.62382 3.123e-03
0.77200 0.62763 3.123e-03
0.77250 0.62433 3.123e-03
0.77300 0.62445 3.123e-03
0.77350 0.62391 3.123e-03
0.77400 0.62194 3.123e-03
0.77450 0.62344 3.123e-03
0.77500 0.62369 3.123e-03
0.77550 0.62961 3.123e-03
0.77600 0.62397 3.123e-03
0.77650 0.62870 3.123e-03
0.77700 0.62816 3.123e-03
0.77750 0.62235 3.123e-03
0.77800 0.62357 3.123e-03
0.77850 0.62528 3.123e-03
0.77900 0.62422 3.123e-03
0.77950 0.62858 3.123e-03
0.78000 0.62768 3.123e-03
0.78050 0.62676 3.123e-03
0.78100 0.62904 3.123e-03
0.78150 0.62974 3.123e-03
0.78200 0.62226 3.123e-03
0.78250 0.62760 3.123e-03
0.78300 0.62628 3.123e-03
0.78350 0.62882 3.123e-03
0.78400 0.63484 3.123e-03
0.78450 0.62561 3.123e-03
0.78500 0.62124 3.123e-03
0.78550 0.62818 3.123e-03
0.78600 0.62699 3.123e-03
0.78650 0.62722 3.123e-03
0.78700 0.62275 3.123e-03
0.78750 0.62240 3.123e-03
0.78800 0.62528 3.123e-03
0.78850 0.62301 3.123e-03
0.78900 0.62939 3.123e-03
0.78950 0.63009 3.123e-03
0.79000 0.62428 3.123e-03
0.79050 0.62818 3.123e-03
0.79100 0.62718 3.123e-03
0.79150 0.62661 3.123e-03
0.79200 0.62590 3.123e-03
0.79250 0.62011 3.123e-03
0.79300 0.61932 3.123e-03
0.79350 0.62117 3.123e-03
0.79400 0.62363 3.123e-03
0.79450 0.62370 3.123e-03
0.79500 0.62246 3.123e-03
0.79550 0.62592 3.123e-03
0.79600 0.62275 3.123e-03
0.79650 0.62253 3.123e-03
0.79700 0.62039 3.123e-03
0.79750 0.62702 3.123e-03
0.79800 0.62400 3.123e-03
0.79850 0.62643 3.123e-03
0.79900 0.62130 3.123e-03
0.79950 0.62657 3.123e-03
0.80000 0.62089 3.123e-03
0.80050 0.62083 3.123e-03
0.80100 0.61971 3.123e-03
0.80150 0.62047 3.123e-03
0.80200 0.62149 3.123e-03
0.80250 0.61996 3.123e-03
0.80300 0.61990 3.123e-03
0.80350 0.62920 3.123e-03
0.80400 0.62338 3.123e-03
0.80450 0.62476 3.123e-03
0.80500 0.62653 3.123e-03
0.80550 0.62603 3.123e-03
0.80600 0.62681 3.123e-03
0.80650 0.62392 3.123e-03
0.80700 0.61892 3.123e-03
0.80750 0.62798 3.123e-03
0.80800 0.62543 3.123e-03
0.80850 0.62397 3.123e-03
0.80900 0.62512 3.123e-03
0.80950 0.62584 3.123e-03
0.81000 0.62345 3.123e-03
0.81050 0.62360 3.123e-03
0.81100 0.62744 3.123e-03
0.81150 0.62652 3.123e-03
0.81200 0.61946 3.123e-03
0.81250 0.62334 3.123e-03
0.81300 0.62670 3.123e-03
0.81350 0.62283 3.123e-03
0.81400 0.62256 3.123e-03
0.81450 0.62116 3.123e-03
0.81500 0.62079 3.123e-03
0.81550 0.62384 3.123e-03
0.81600 0.62412 3.123e-03
0.81650 0.63245 3.123e-03
0.81700 0.62097 3.123e-03
0.81750 0.62119 3.123e-03
0.81800 0.62273 3.123e-03
0.81850 0.62746 3.123e-03
0.81900 0.62193 3.123e-03
0.81950 0.63198 3.123e-03
0.82000 0.62002 3.123e-03
0.82050 0.62492 3.123e-03
0.82100 0.62976 3.123e-03
0.82150 0.62840 3.123e-03
0.82200 0.62268 3.123e-03
0.82250 0.62607 3.123e-03
0.82300 0.62476 3.123e-03
0.82350 0.62183 3.123e-03
0.82400 0.61919 3.123e-03
0.82450 0.62210 3.123e-03
0.82500 0.62955 3.123e-03
0.82550 0.62198 3.123e-03
0.82600 0.62418 3.123e-03
0.82650 0.62201 3.123e-03
0.82700 0.62203 3.123e-03
0.82750 0.62760 3.123e-03
0.82800 0.62731 3.123e-03
0.82850 0.62507 3.123e-03
0.82900 0.61580 3.123e-03
0.82950 0.62315 3.123e-03
0.83000 0.62510 3.123e-03
0.83050 0.62598 3.123e-03
0.83100 0.62322 3.123e-03
0.83150 0.62679 3.123e-03
0.83200 0.62223 3.123e-03
0.83250 0.62349 3.123e-03
0.83300 0.62388 3.123e-03
0.83350 0.62506 3.123e-03
0.83400 0.62389 3.123e-03
0.83450 0.62631 3.123e-03
0.83500 0.62945 3.123e-03
0.83550 0.61901 3.123e-03
0.83600 0.62675 3.123e-03
0.83650 0.62425 3.123e-03
0.83700 0.62577 3.123e-03
0.83750 0.62471 3.123e-03
0.83800 0.62594 3.123e-03
0.83850 0.62626 3.123e-03
0.83900 0.62490 3.123e-03
0.83950 0.61877 3.123e-03
0.84000 0.62313 3.123e-03
0.84050 0.62456 3.123e-03
0.84100 0.62473 3.123e-03
0.84150 0.62342 3.123e-03
0.84200 0.62210 3.123e-03
0.84250 0.62364 3.123e-03
0.84300 0.62994 3.123e-03
0.84350 0.62570 3.123e-03
0.84400 0.62791 3.123e-03
0.84450 0.62071 3.123e-03
0.84500 0.62547 3.123e-03
0.84550 0.62685 3.123e-03
0.84600 0.62391 3.123e-03
0.84650 0.61958 3.123e-03
0.84700 0.62302 3.123e-03
0.84750 0.62312 3.123e-03
0.84800 0.62383 3.123e-03
0.84850 0.63035 3.123e-03
0.84900 0.62652 3.123e-03
0.84950 0.62452 3.123e-03
0.85000 0.63015 3.123e-03
