# 
# This file contains a simulated light curve of a single orbit of a circular orbit,
# eclipsing binary. The three columns are orbital phase (changes by 1 over the orbit),
# flux, and uncertainty in flux.
# 
-0.15000 0.86515 4.293e-03
-0.14950 0.86711 4.293e-03
-0.14900 0.86096 4.293e-03
-0.14850 0.85446 4.293e-03
-0.14800 0.84559 4.293e-03
-0.14750 0.85793 4.293e-03
-0.14700 0.84799 4.293e-03
-0.14650 0.85451 4.293e-03
-0.14600 0.86479 4.293e-03
-0.14550 0.86322 4.293e-03
-0.14500 0.86697 4.293e-03
-0.14450 0.85959 4.293e-03
-0.14400 0.85486 4.293e-03
-0.14350 0.85409 4.293e-03
-0.14300 0.85713 4.293e-03
-0.14250 0.85409 4.293e-03
-0.14200 0.85975 4.293e-03
-0.14150 0.85963 4.293e-03
-0.14100 0.86144 4.293e-03
-0.14050 0.85892 4.293e-03
-0.14000 0.86109 4.293e-03
-0.13950 0.85916 4.293e-03
-0.13900 0.86004 4.293e-03
-0.13850 0.85403 4.293e-03
-0.13800 0.85782 4.293e-03
-0.13750 0.85602 4.293e-03
-0.13700 0.85780 4.293e-03
-0.13650 0.86124 4.293e-03
-0.13600 0.85841 4.293e-03
-0.13550 0.85374 4.293e-03
-0.13500 0.85970 4.293e-03
-0.13450 0.86478 4.293e-03
-0.13400 0.85285 4.293e-03
-0.13350 0.85637 4.293e-03
-0.13300 0.85656 4.293e-03
-0.13250 0.85360 4.293e-03
-0.13200 0.86071 4.293e-03
-0.13150 0.85375 4.293e-03
-0.13100 0.86791 4.293e-03
-0.13050 0.86053 4.293e-03
-0.13000 0.85966 4.293e-03
-0.12950 0.86271 4.293e-03
-0.12900 0.86413 4.293e-03
-0.12850 0.85246 4.293e-03
-0.12800 0.85645 4.293e-03
-0.12750 0.86227 4.293e-03
-0.12700 0.86138 4.293e-03
-0.12650 0.86141 4.293e-03
-0.12600 0.85865 4.293e-03
-0.12550 0.85494 4.293e-03
-0.12500 0.86569 4.293e-03
-0.12450 0.85745 4.293e-03
-0.12400 0.86096 4.293e-03
-0.12350 0.85697 4.293e-03
-0.12300 0.85522 4.293e-03
-0.12250 0.85944 4.293e-03
-0.12200 0.85409 4.293e-03
-0.12150 0.85218 4.293e-03
-0.12100 0.85125 4.293e-03
-0.12050 0.86506 4.293e-03
-0.12000 0.86113 4.293e-03
-0.11950 0.85695 4.293e-03
-0.11900 0.85718 4.293e-03
-0.11850 0.86407 4.293e-03
-0.11800 0.85831 4.293e-03
-0.11750 0.86632 4.293e-03
-0.11700 0.85685 4.293e-03
-0.11650 0.86159 4.293e-03
-0.11600 0.86505 4.293e-03
-0.11550 0.85387 4.293e-03
-0.11500 0.86101 4.293e-03
-0.11450 0.86372 4.293e-03
-0.11400 0.85989 4.293e-03
-0.11350 0.85947 4.293e-03
-0.11300 0.85587 4.293e-03
-0.11250 0.86030 4.293e-03
-0.11200 0.86442 4.293e-03
-0.11150 0.85588 4.293e-03
-0.11100 0.87255 4.293e-03
-0.11050 0.85904 4.293e-03
-0.11000 0.86237 4.293e-03
-0.10950 0.86073 4.293e-03
-0.10900 0.85841 4.293e-03
-0.10850 0.85172 4.293e-03
-0.10800 0.85619 4.293e-03
-0.10750 0.85659 4.293e-03
-0.10700 0.86136 4.293e-03
-0.10650 0.85843 4.293e-03
-0.10600 0.84738 4.293e-03
-0.10550 0.85172 4.293e-03
-0.10500 0.86138 4.293e-03
-0.10450 0.86681 4.293e-03
-0.10400 0.85532 4.293e-03
-0.10350 0.85510 4.293e-03
-0.10300 0.85972 4.293e-03
-0.10250 0.86039 4.293e-03
-0.10200 0.86317 4.293e-03
-0.10150 0.85846 4.293e-03
-0.10100 0.85605 4.293e-03
-0.10050 0.85962 4.293e-03
-0.10000 0.85817 4.293e-03
-0.09950 0.86747 4.293e-03
-0.09900 0.86506 4.293e-03
-0.09850 0.86218 4.293e-03
-0.09800 0.85839 4.293e-03
-0.09750 0.86054 4.293e-03
-0.09700 0.85531 4.293e-03
-0.09650 0.86515 4.293e-03
-0.09600 0.86286 4.293e-03
-0.09550 0.85445 4.293e-03
-0.09500 0.86106 4.293e-03
-0.09450 0.86735 4.293e-03
-0.09400 0.85994 4.293e-03
-0.09350 0.86629 4.293e-03
-0.09300 0.85210 4.293e-03
-0.09250 0.85004 4.293e-03
-0.09200 0.86376 4.293e-03
-0.09150 0.86010 4.293e-03
-0.09100 0.85795 4.293e-03
-0.09050 0.85912 4.293e-03
-0.09000 0.85617 4.293e-03
-0.08950 0.85041 4.293e-03
-0.08900 0.86714 4.293e-03
-0.08850 0.85849 4.293e-03
-0.08800 0.86230 4.293e-03
-0.08750 0.85860 4.293e-03
-0.08700 0.86060 4.293e-03
-0.08650 0.85877 4.293e-03
-0.08600 0.86056 4.293e-03
-0.08550 0.86251 4.293e-03
-0.08500 0.85861 4.293e-03
-0.08450 0.85961 4.293e-03
-0.08400 0.85282 4.293e-03
-0.08350 0.86397 4.293e-03
-0.08300 0.85878 4.293e-03
-0.08250 0.86382 4.293e-03
-0.08200 0.85602 4.293e-03
-0.08150 0.85589 4.293e-03
-0.08100 0.86405 4.293e-03
-0.08050 0.86394 4.293e-03
-0.08000 0.85766 4.293e-03
-0.07950 0.85990 4.293e-03
-0.07900 0.85995 4.293e-03
-0.07850 0.86143 4.293e-03
-0.07800 0.85939 4.293e-03
-0.07750 0.85536 4.293e-03
-0.07700 0.85134 4.293e-03
-0.07650 0.86626 4.293e-03
-0.07600 0.87464 4.293e-03
-0.07550 0.86350 4.293e-03
-0.07500 0.85976 4.293e-03
-0.07450 0.85465 4.293e-03
-0.07400 0.86208 4.293e-03
-0.07350 0.85194 4.293e-03
-0.07300 0.85842 4.293e-03
-0.07250 0.85876 4.293e-03
-0.07200 0.85727 4.293e-03
-0.07150 0.86275 4.293e-03
-0.07100 0.85829 4.293e-03
-0.07050 0.85706 4.293e-03
-0.07000 0.85719 4.293e-03
-0.06950 0.85690 4.293e-03
-0.06900 0.85918 4.293e-03
-0.06850 0.85496 4.293e-03
-0.06800 0.85418 4.293e-03
-0.06750 0.85921 4.293e-03
-0.06700 0.86024 4.293e-03
-0.06650 0.86527 4.293e-03
-0.06600 0.86068 4.293e-03
-0.06550 0.87094 4.293e-03
-0.06500 0.85943 4.293e-03
-0.06450 0.86764 4.293e-03
-0.06400 0.86589 4.293e-03
-0.06350 0.86018 4.293e-03
-0.06300 0.86121 4.293e-03
-0.06250 0.86051 4.293e-03
-0.06200 0.86047 4.293e-03
-0.06150 0.85206 4.293e-03
-0.06100 0.86201 4.293e-03
-0.06050 0.85450 4.293e-03
-0.06000 0.85528 4.293e-03
-0.05950 0.85487 4.293e-03
-0.05900 0.85512 4.293e-03
-0.05850 0.85630 4.293e-03
-0.05800 0.86075 4.293e-03
-0.05750 0.85776 4.293e-03
-0.05700 0.85699 4.293e-03
-0.05650 0.85605 4.293e-03
-0.05600 0.87189 4.293e-03
-0.05550 0.85825 4.293e-03
-0.05500 0.86157 4.293e-03
-0.05450 0.86292 4.293e-03
-0.05400 0.85934 4.293e-03
-0.05350 0.85707 4.293e-03
-0.05300 0.85941 4.293e-03
-0.05250 0.85607 4.293e-03
-0.05200 0.85501 4.293e-03
-0.05150 0.86406 4.293e-03
-0.05100 0.85070 4.293e-03
-0.05050 0.87198 4.293e-03
-0.05000 0.85967 4.293e-03
-0.04950 0.85435 4.293e-03
-0.04900 0.86072 4.293e-03
-0.04850 0.86264 4.293e-03
-0.04800 0.85366 4.293e-03
-0.04750 0.85301 4.293e-03
-0.04700 0.83687 4.293e-03
-0.04650 0.83185 4.293e-03
-0.04600 0.83591 4.293e-03
-0.04550 0.83381 4.293e-03
-0.04500 0.82953 4.293e-03
-0.04450 0.83315 4.293e-03
-0.04400 0.82131 4.293e-03
-0.04350 0.81661 4.293e-03
-0.04300 0.80985 4.293e-03
-0.04250 0.80725 4.293e-03
-0.04200 0.80481 4.293e-03
-0.04150 0.80097 4.293e-03
-0.04100 0.79640 4.293e-03
-0.04050 0.79165 4.293e-03
-0.04000 0.79120 4.293e-03
-0.03950 0.77929 4.293e-03
-0.03900 0.77782 4.293e-03
-0.03850 0.77262 4.293e-03
-0.03800 0.76228 4.293e-03
-0.03750 0.75739 4.293e-03
-0.03700 0.75198 4.293e-03
-0.03650 0.74492 4.293e-03
-0.03600 0.73983 4.293e-03
-0.03550 0.73434 4.293e-03
-0.03500 0.73472 4.293e-03
-0.03450 0.72671 4.293e-03
-0.03400 0.71807 4.293e-03
-0.03350 0.70609 4.293e-03
-0.03300 0.70757 4.293e-03
-0.03250 0.69259 4.293e-03
-0.03200 0.68725 4.293e-03
-0.03150 0.68908 4.293e-03
-0.03100 0.67342 4.293e-03
-0.03050 0.67117 4.293e-03
-0.03000 0.67586 4.293e-03
-0.02950 0.65594 4.293e-03
-0.02900 0.65507 4.293e-03
-0.02850 0.64254 4.293e-03
-0.02800 0.62829 4.293e-03
-0.02750 0.62816 4.293e-03
-0.02700 0.61952 4.293e-03
-0.02650 0.61376 4.293e-03
-0.02600 0.60377 4.293e-03
-0.02550 0.59791 4.293e-03
-0.02500 0.59511 4.293e-03
-0.02450 0.58497 4.293e-03
-0.02400 0.57948 4.293e-03
-0.02350 0.57242 4.293e-03
-0.02300 0.56448 4.293e-03
-0.02250 0.55343 4.293e-03
-0.02200 0.54306 4.293e-03
-0.02150 0.53928 4.293e-03
-0.02100 0.52702 4.293e-03
-0.02050 0.52281 4.293e-03
-0.02000 0.50476 4.293e-03
-0.01950 0.51314 4.293e-03
-0.01900 0.50195 4.293e-03
-0.01850 0.50070 4.293e-03
-0.01800 0.47324 4.293e-03
-0.01750 0.47482 4.293e-03
-0.01700 0.46357 4.293e-03
-0.01650 0.46112 4.293e-03
-0.01600 0.44741 4.293e-03
-0.01550 0.43943 4.293e-03
-0.01500 0.43094 4.293e-03
-0.01450 0.42457 4.293e-03
-0.01400 0.41804 4.293e-03
-0.01350 0.40751 4.293e-03
-0.01300 0.40654 4.293e-03
-0.01250 0.38696 4.293e-03
-0.01200 0.37645 4.293e-03
-0.01150 0.37764 4.293e-03
-0.01100 0.37221 4.293e-03
-0.01050 0.35487 4.293e-03
-0.01000 0.35760 4.293e-03
-0.00950 0.35050 4.293e-03
-0.00900 0.33199 4.293e-03
-0.00850 0.32642 4.293e-03
-0.00800 0.31646 4.293e-03
-0.00750 0.30948 4.293e-03
-0.00700 0.30108 4.293e-03
-0.00650 0.29255 4.293e-03
-0.00600 0.28096 4.293e-03
-0.00550 0.28150 4.293e-03
-0.00500 0.27756 4.293e-03
-0.00450 0.26016 4.293e-03
-0.00400 0.24809 4.293e-03
-0.00350 0.24499 4.293e-03
-0.00300 0.23426 4.293e-03
-0.00250 0.22928 4.293e-03
-0.00200 0.22838 4.293e-03
-0.00150 0.22775 4.293e-03
-0.00100 0.22228 4.293e-03
-0.00050 0.22575 4.293e-03
0.00000 0.22269 4.293e-03
0.00050 0.20877 4.293e-03
0.00100 0.21971 4.293e-03
0.00150 0.21853 4.293e-03
0.00200 0.23307 4.293e-03
0.00250 0.23374 4.293e-03
0.00300 0.23612 4.293e-03
0.00350 0.24870 4.293e-03
0.00400 0.25360 4.293e-03
0.00450 0.25607 4.293e-03
0.00500 0.26886 4.293e-03
0.00550 0.27513 4.293e-03
0.00600 0.28730 4.293e-03
0.00650 0.29728 4.293e-03
0.00700 0.29988 4.293e-03
0.00750 0.31421 4.293e-03
0.00800 0.31575 4.293e-03
0.00850 0.32699 4.293e-03
0.00900 0.33814 4.293e-03
0.00950 0.33879 4.293e-03
0.01000 0.34342 4.293e-03
0.01050 0.35949 4.293e-03
0.01100 0.36408 4.293e-03
0.01150 0.37871 4.293e-03
0.01200 0.37862 4.293e-03
0.01250 0.39240 4.293e-03
0.01300 0.40070 4.293e-03
0.01350 0.40987 4.293e-03
0.01400 0.41467 4.293e-03
0.01450 0.42324 4.293e-03
0.01500 0.44017 4.293e-03
0.01550 0.43912 4.293e-03
0.01600 0.45073 4.293e-03
0.01650 0.46082 4.293e-03
0.01700 0.46836 4.293e-03
0.01750 0.47480 4.293e-03
0.01800 0.48146 4.293e-03
0.01850 0.48702 4.293e-03
0.01900 0.49294 4.293e-03
0.01950 0.50594 4.293e-03
0.02000 0.50880 4.293e-03
0.02050 0.52365 4.293e-03
0.02100 0.52713 4.293e-03
0.02150 0.54271 4.293e-03
0.02200 0.54049 4.293e-03
0.02250 0.55419 4.293e-03
0.02300 0.55608 4.293e-03
0.02350 0.57317 4.293e-03
0.02400 0.57881 4.293e-03
0.02450 0.58548 4.293e-03
0.02500 0.59059 4.293e-03
0.02550 0.61020 4.293e-03
0.02600 0.60825 4.293e-03
0.02650 0.61848 4.293e-03
0.02700 0.62357 4.293e-03
0.02750 0.63452 4.293e-03
0.02800 0.63632 4.293e-03
0.02850 0.64161 4.293e-03
0.02900 0.65323 4.293e-03
0.02950 0.65496 4.293e-03
0.03000 0.66080 4.293e-03
0.03050 0.66955 4.293e-03
0.03100 0.67453 4.293e-03
0.03150 0.68740 4.293e-03
0.03200 0.69308 4.293e-03
0.03250 0.68838 4.293e-03
0.03300 0.70571 4.293e-03
0.03350 0.71513 4.293e-03
0.03400 0.71892 4.293e-03
0.03450 0.72560 4.293e-03
0.03500 0.73030 4.293e-03
0.03550 0.73596 4.293e-03
0.03600 0.74649 4.293e-03
0.03650 0.75155 4.293e-03
0.03700 0.74691 4.293e-03
0.03750 0.74800 4.293e-03
0.03800 0.77304 4.293e-03
0.03850 0.76946 4.293e-03
0.03900 0.77541 4.293e-03
0.03950 0.78064 4.293e-03
0.04000 0.78015 4.293e-03
0.04050 0.79004 4.293e-03
0.04100 0.79348 4.293e-03
0.04150 0.79912 4.293e-03
0.04200 0.80654 4.293e-03
0.04250 0.81354 4.293e-03
0.04300 0.81576 4.293e-03
0.04350 0.81754 4.293e-03
0.04400 0.81893 4.293e-03
0.04450 0.83407 4.293e-03
0.04500 0.82438 4.293e-03
0.04550 0.83174 4.293e-03
0.04600 0.83740 4.293e-03
0.04650 0.84294 4.293e-03
0.04700 0.85139 4.293e-03
0.04750 0.85014 4.293e-03
0.04800 0.84795 4.293e-03
0.04850 0.85519 4.293e-03
0.04900 0.85038 4.293e-03
0.04950 0.84967 4.293e-03
0.05000 0.85419 4.293e-03
0.05050 0.86198 4.293e-03
0.05100 0.86417 4.293e-03
0.05150 0.86602 4.293e-03
0.05200 0.85313 4.293e-03
0.05250 0.86265 4.293e-03
0.05300 0.85602 4.293e-03
0.05350 0.86029 4.293e-03
0.05400 0.84930 4.293e-03
0.05450 0.85481 4.293e-03
0.05500 0.85369 4.293e-03
0.05550 0.86567 4.293e-03
0.05600 0.85945 4.293e-03
0.05650 0.86744 4.293e-03
0.05700 0.86546 4.293e-03
0.05750 0.85983 4.293e-03
0.05800 0.86261 4.293e-03
0.05850 0.86124 4.293e-03
0.05900 0.85931 4.293e-03
0.05950 0.85901 4.293e-03
0.06000 0.86102 4.293e-03
0.06050 0.86447 4.293e-03
0.06100 0.86069 4.293e-03
0.06150 0.86200 4.293e-03
0.06200 0.85387 4.293e-03
0.06250 0.86237 4.293e-03
0.06300 0.86237 4.293e-03
0.06350 0.85866 4.293e-03
0.06400 0.85568 4.293e-03
0.06450 0.86355 4.293e-03
0.06500 0.85966 4.293e-03
0.06550 0.86257 4.293e-03
0.06600 0.85472 4.293e-03
0.06650 0.84969 4.293e-03
0.06700 0.86444 4.293e-03
0.06750 0.85772 4.293e-03
0.06800 0.86418 4.293e-03
0.06850 0.85477 4.293e-03
0.06900 0.85251 4.293e-03
0.06950 0.85607 4.293e-03
0.07000 0.85758 4.293e-03
0.07050 0.85596 4.293e-03
0.07100 0.85304 4.293e-03
0.07150 0.85322 4.293e-03
0.07200 0.85530 4.293e-03
0.07250 0.85856 4.293e-03
0.07300 0.85818 4.293e-03
0.07350 0.86068 4.293e-03
0.07400 0.85484 4.293e-03
0.07450 0.86916 4.293e-03
0.07500 0.86565 4.293e-03
0.07550 0.85944 4.293e-03
0.07600 0.86348 4.293e-03
0.07650 0.85829 4.293e-03
0.07700 0.85480 4.293e-03
0.07750 0.85743 4.293e-03
0.07800 0.86217 4.293e-03
0.07850 0.86324 4.293e-03
0.07900 0.85129 4.293e-03
0.07950 0.85452 4.293e-03
0.08000 0.85366 4.293e-03
0.08050 0.85431 4.293e-03
0.08100 0.86998 4.293e-03
0.08150 0.85308 4.293e-03
0.08200 0.85889 4.293e-03
0.08250 0.85938 4.293e-03
0.08300 0.86098 4.293e-03
0.08350 0.86135 4.293e-03
0.08400 0.85816 4.293e-03
0.08450 0.85572 4.293e-03
0.08500 0.86496 4.293e-03
0.08550 0.85325 4.293e-03
0.08600 0.86296 4.293e-03
0.08650 0.85315 4.293e-03
0.08700 0.85617 4.293e-03
0.08750 0.86134 4.293e-03
0.08800 0.85236 4.293e-03
0.08850 0.85314 4.293e-03
0.08900 0.85388 4.293e-03
0.08950 0.85677 4.293e-03
0.09000 0.86016 4.293e-03
0.09050 0.85617 4.293e-03
0.09100 0.85979 4.293e-03
0.09150 0.86716 4.293e-03
0.09200 0.86291 4.293e-03
0.09250 0.85949 4.293e-03
0.09300 0.86202 4.293e-03
0.09350 0.86732 4.293e-03
0.09400 0.85385 4.293e-03
0.09450 0.86367 4.293e-03
0.09500 0.85820 4.293e-03
0.09550 0.86280 4.293e-03
0.09600 0.85553 4.293e-03
0.09650 0.85307 4.293e-03
0.09700 0.85928 4.293e-03
0.09750 0.86241 4.293e-03
0.09800 0.85349 4.293e-03
0.09850 0.85123 4.293e-03
0.09900 0.85645 4.293e-03
0.09950 0.85424 4.293e-03
0.10000 0.86248 4.293e-03
0.10050 0.85747 4.293e-03
0.10100 0.85589 4.293e-03
0.10150 0.85611 4.293e-03
0.10200 0.85820 4.293e-03
0.10250 0.85580 4.293e-03
0.10300 0.84606 4.293e-03
0.10350 0.86502 4.293e-03
0.10400 0.86327 4.293e-03
0.10450 0.86037 4.293e-03
0.10500 0.84630 4.293e-03
0.10550 0.85710 4.293e-03
0.10600 0.86410 4.293e-03
0.10650 0.85232 4.293e-03
0.10700 0.85912 4.293e-03
0.10750 0.85775 4.293e-03
0.10800 0.85322 4.293e-03
0.10850 0.85258 4.293e-03
0.10900 0.85063 4.293e-03
0.10950 0.85957 4.293e-03
0.11000 0.85788 4.293e-03
0.11050 0.85854 4.293e-03
0.11100 0.85672 4.293e-03
0.11150 0.86337 4.293e-03
0.11200 0.86071 4.293e-03
0.11250 0.86193 4.293e-03
0.11300 0.85973 4.293e-03
0.11350 0.85829 4.293e-03
0.11400 0.86214 4.293e-03
0.11450 0.85560 4.293e-03
0.11500 0.85712 4.293e-03
0.11550 0.85692 4.293e-03
0.11600 0.85115 4.293e-03
0.11650 0.86016 4.293e-03
0.11700 0.86707 4.293e-03
0.11750 0.85967 4.293e-03
0.11800 0.86114 4.293e-03
0.11850 0.85863 4.293e-03
0.11900 0.85970 4.293e-03
0.11950 0.86001 4.293e-03
0.12000 0.85404 4.293e-03
0.12050 0.86128 4.293e-03
0.12100 0.86361 4.293e-03
0.12150 0.86083 4.293e-03
0.12200 0.86461 4.293e-03
0.12250 0.86237 4.293e-03
0.12300 0.85440 4.293e-03
0.12350 0.87017 4.293e-03
0.12400 0.85985 4.293e-03
0.12450 0.85656 4.293e-03
0.12500 0.84949 4.293e-03
0.12550 0.86810 4.293e-03
0.12600 0.85289 4.293e-03
0.12650 0.85257 4.293e-03
0.12700 0.85961 4.293e-03
0.12750 0.86019 4.293e-03
0.12800 0.86247 4.293e-03
0.12850 0.85347 4.293e-03
0.12900 0.85323 4.293e-03
0.12950 0.85661 4.293e-03
0.13000 0.85949 4.293e-03
0.13050 0.86333 4.293e-03
0.13100 0.85687 4.293e-03
0.13150 0.85098 4.293e-03
0.13200 0.84670 4.293e-03
0.13250 0.85248 4.293e-03
0.13300 0.85929 4.293e-03
0.13350 0.85896 4.293e-03
0.13400 0.85337 4.293e-03
0.13450 0.85452 4.293e-03
0.13500 0.84946 4.293e-03
0.13550 0.86348 4.293e-03
0.13600 0.85949 4.293e-03
0.13650 0.85389 4.293e-03
0.13700 0.86090 4.293e-03
0.13750 0.85907 4.293e-03
0.13800 0.86442 4.293e-03
0.13850 0.85671 4.293e-03
0.13900 0.86557 4.293e-03
0.13950 0.85780 4.293e-03
0.14000 0.85969 4.293e-03
0.14050 0.86351 4.293e-03
0.14100 0.85011 4.293e-03
0.14150 0.86284 4.293e-03
0.14200 0.86312 4.293e-03
0.14250 0.86093 4.293e-03
0.14300 0.86594 4.293e-03
0.14350 0.85661 4.293e-03
0.14400 0.86707 4.293e-03
0.14450 0.86487 4.293e-03
0.14500 0.84753 4.293e-03
0.14550 0.85735 4.293e-03
0.14600 0.86198 4.293e-03
0.14650 0.85232 4.293e-03
0.14700 0.85998 4.293e-03
0.14750 0.85725 4.293e-03
0.14800 0.86551 4.293e-03
0.14850 0.85998 4.293e-03
0.14900 0.86168 4.293e-03
0.14950 0.86196 4.293e-03
0.15000 0.86309 4.293e-03
0.15050 0.86291 4.293e-03
0.15100 0.85571 4.293e-03
0.15150 0.85584 4.293e-03
0.15200 0.85464 4.293e-03
0.15250 0.85259 4.293e-03
0.15300 0.85813 4.293e-03
0.15350 0.85669 4.293e-03
0.15400 0.85554 4.293e-03
0.15450 0.84515 4.293e-03
0.15500 0.85702 4.293e-03
0.15550 0.86631 4.293e-03
0.15600 0.85896 4.293e-03
0.15650 0.85179 4.293e-03
0.15700 0.86079 4.293e-03
0.15750 0.85259 4.293e-03
0.15800 0.85711 4.293e-03
0.15850 0.86226 4.293e-03
0.15900 0.85002 4.293e-03
0.15950 0.84920 4.293e-03
0.16000 0.86519 4.293e-03
0.16050 0.85852 4.293e-03
0.16100 0.86024 4.293e-03
0.16150 0.85079 4.293e-03
0.16200 0.85823 4.293e-03
0.16250 0.86161 4.293e-03
0.16300 0.85820 4.293e-03
0.16350 0.86210 4.293e-03
0.16400 0.85585 4.293e-03
0.16450 0.85906 4.293e-03
0.16500 0.85400 4.293e-03
0.16550 0.86319 4.293e-03
0.16600 0.85609 4.293e-03
0.16650 0.85888 4.293e-03
0.16700 0.86178 4.293e-03
0.16750 0.86556 4.293e-03
0.16800 0.86060 4.293e-03
0.16850 0.85197 4.293e-03
0.16900 0.86122 4.293e-03
0.16950 0.85804 4.293e-03
0.17000 0.85272 4.293e-03
0.17050 0.85655 4.293e-03
0.17100 0.85755 4.293e-03
0.17150 0.85542 4.293e-03
0.17200 0.85906 4.293e-03
0.17250 0.86170 4.293e-03
0.17300 0.86864 4.293e-03
0.17350 0.86284 4.293e-03
0.17400 0.86314 4.293e-03
0.17450 0.85380 4.293e-03
0.17500 0.85715 4.293e-03
0.17550 0.86000 4.293e-03
0.17600 0.85303 4.293e-03
0.17650 0.85591 4.293e-03
0.17700 0.85702 4.293e-03
0.17750 0.86138 4.293e-03
0.17800 0.85382 4.293e-03
0.17850 0.86866 4.293e-03
0.17900 0.86259 4.293e-03
0.17950 0.86655 4.293e-03
0.18000 0.86334 4.293e-03
0.18050 0.85950 4.293e-03
0.18100 0.85875 4.293e-03
0.18150 0.85300 4.293e-03
0.18200 0.85010 4.293e-03
0.18250 0.85778 4.293e-03
0.18300 0.86491 4.293e-03
0.18350 0.86286 4.293e-03
0.18400 0.85917 4.293e-03
0.18450 0.86209 4.293e-03
0.18500 0.86458 4.293e-03
0.18550 0.85637 4.293e-03
0.18600 0.85794 4.293e-03
0.18650 0.85731 4.293e-03
0.18700 0.85785 4.293e-03
0.18750 0.86569 4.293e-03
0.18800 0.86069 4.293e-03
0.18850 0.85306 4.293e-03
0.18900 0.85684 4.293e-03
0.18950 0.85897 4.293e-03
0.19000 0.85858 4.293e-03
0.19050 0.86262 4.293e-03
0.19100 0.85901 4.293e-03
0.19150 0.84940 4.293e-03
0.19200 0.85605 4.293e-03
0.19250 0.86238 4.293e-03
0.19300 0.85977 4.293e-03
0.19350 0.85560 4.293e-03
0.19400 0.85756 4.293e-03
0.19450 0.85792 4.293e-03
0.19500 0.85822 4.293e-03
0.19550 0.85765 4.293e-03
0.19600 0.85907 4.293e-03
0.19650 0.85737 4.293e-03
0.19700 0.85953 4.293e-03
0.19750 0.85309 4.293e-03
0.19800 0.85165 4.293e-03
0.19850 0.85921 4.293e-03
0.19900 0.85572 4.293e-03
0.19950 0.86436 4.293e-03
0.20000 0.85619 4.293e-03
0.20050 0.85981 4.293e-03
0.20100 0.86061 4.293e-03
0.20150 0.86323 4.293e-03
0.20200 0.86148 4.293e-03
0.20250 0.86191 4.293e-03
0.20300 0.85785 4.293e-03
0.20350 0.86541 4.293e-03
0.20400 0.85652 4.293e-03
0.20450 0.86188 4.293e-03
0.20500 0.86269 4.293e-03
0.20550 0.86754 4.293e-03
0.20600 0.85290 4.293e-03
0.20650 0.85509 4.293e-03
0.20700 0.85396 4.293e-03
0.20750 0.86182 4.293e-03
0.20800 0.86500 4.293e-03
0.20850 0.86119 4.293e-03
0.20900 0.86217 4.293e-03
0.20950 0.85966 4.293e-03
0.21000 0.85508 4.293e-03
0.21050 0.85550 4.293e-03
0.21100 0.85978 4.293e-03
0.21150 0.85865 4.293e-03
0.21200 0.85654 4.293e-03
0.21250 0.86669 4.293e-03
0.21300 0.85901 4.293e-03
0.21350 0.85796 4.293e-03
0.21400 0.86041 4.293e-03
0.21450 0.85864 4.293e-03
0.21500 0.86237 4.293e-03
0.21550 0.86371 4.293e-03
0.21600 0.86286 4.293e-03
0.21650 0.85483 4.293e-03
0.21700 0.85981 4.293e-03
0.21750 0.86411 4.293e-03
0.21800 0.85122 4.293e-03
0.21850 0.85665 4.293e-03
0.21900 0.85633 4.293e-03
0.21950 0.85296 4.293e-03
0.22000 0.86424 4.293e-03
0.22050 0.85798 4.293e-03
0.22100 0.86292 4.293e-03
0.22150 0.86854 4.293e-03
0.22200 0.85299 4.293e-03
0.22250 0.85210 4.293e-03
0.22300 0.86235 4.293e-03
0.22350 0.85698 4.293e-03
0.22400 0.85293 4.293e-03
0.22450 0.84345 4.293e-03
0.22500 0.86011 4.293e-03
0.22550 0.85825 4.293e-03
0.22600 0.85599 4.293e-03
0.22650 0.86614 4.293e-03
0.22700 0.85640 4.293e-03
0.22750 0.86662 4.293e-03
0.22800 0.85944 4.293e-03
0.22850 0.86328 4.293e-03
0.22900 0.85179 4.293e-03
0.22950 0.85859 4.293e-03
0.23000 0.86414 4.293e-03
0.23050 0.86045 4.293e-03
0.23100 0.86163 4.293e-03
0.23150 0.85654 4.293e-03
0.23200 0.85177 4.293e-03
0.23250 0.85841 4.293e-03
0.23300 0.85846 4.293e-03
0.23350 0.85426 4.293e-03
0.23400 0.85446 4.293e-03
0.23450 0.86496 4.293e-03
0.23500 0.85874 4.293e-03
0.23550 0.85858 4.293e-03
0.23600 0.85607 4.293e-03
0.23650 0.85972 4.293e-03
0.23700 0.85014 4.293e-03
0.23750 0.86120 4.293e-03
0.23800 0.86105 4.293e-03
0.23850 0.85193 4.293e-03
0.23900 0.86687 4.293e-03
0.23950 0.85844 4.293e-03
0.24000 0.85948 4.293e-03
0.24050 0.85768 4.293e-03
0.24100 0.85913 4.293e-03
0.24150 0.85700 4.293e-03
0.24200 0.85420 4.293e-03
0.24250 0.85964 4.293e-03
0.24300 0.86136 4.293e-03
0.24350 0.85266 4.293e-03
0.24400 0.85510 4.293e-03
0.24450 0.85841 4.293e-03
0.24500 0.85611 4.293e-03
0.24550 0.85759 4.293e-03
0.24600 0.86069 4.293e-03
0.24650 0.85722 4.293e-03
0.24700 0.85520 4.293e-03
0.24750 0.86568 4.293e-03
0.24800 0.86156 4.293e-03
0.24850 0.85757 4.293e-03
0.24900 0.85825 4.293e-03
0.24950 0.85065 4.293e-03
0.25000 0.86358 4.293e-03
0.25050 0.85922 4.293e-03
0.25100 0.85348 4.293e-03
0.25150 0.85938 4.293e-03
0.25200 0.86273 4.293e-03
0.25250 0.85719 4.293e-03
0.25300 0.86026 4.293e-03
0.25350 0.85881 4.293e-03
0.25400 0.86670 4.293e-03
0.25450 0.85782 4.293e-03
0.25500 0.86405 4.293e-03
0.25550 0.86057 4.293e-03
0.25600 0.85725 4.293e-03
0.25650 0.85697 4.293e-03
0.25700 0.85894 4.293e-03
0.25750 0.86294 4.293e-03
0.25800 0.85305 4.293e-03
0.25850 0.86530 4.293e-03
0.25900 0.86355 4.293e-03
0.25950 0.86061 4.293e-03
0.26000 0.86254 4.293e-03
0.26050 0.85648 4.293e-03
0.26100 0.86392 4.293e-03
0.26150 0.86106 4.293e-03
0.26200 0.85805 4.293e-03
0.26250 0.85035 4.293e-03
0.26300 0.86349 4.293e-03
0.26350 0.85496 4.293e-03
0.26400 0.85597 4.293e-03
0.26450 0.86051 4.293e-03
0.26500 0.86298 4.293e-03
0.26550 0.85388 4.293e-03
0.26600 0.86132 4.293e-03
0.26650 0.86544 4.293e-03
0.26700 0.85518 4.293e-03
0.26750 0.86045 4.293e-03
0.26800 0.85286 4.293e-03
0.26850 0.85780 4.293e-03
0.26900 0.86089 4.293e-03
0.26950 0.86387 4.293e-03
0.27000 0.85885 4.293e-03
0.27050 0.86583 4.293e-03
0.27100 0.86668 4.293e-03
0.27150 0.85656 4.293e-03
0.27200 0.85320 4.293e-03
0.27250 0.85887 4.293e-03
0.27300 0.85743 4.293e-03
0.27350 0.86209 4.293e-03
0.27400 0.86536 4.293e-03
0.27450 0.86504 4.293e-03
0.27500 0.85755 4.293e-03
0.27550 0.85601 4.293e-03
0.27600 0.85719 4.293e-03
0.27650 0.85752 4.293e-03
0.27700 0.85770 4.293e-03
0.27750 0.86429 4.293e-03
0.27800 0.84862 4.293e-03
0.27850 0.85733 4.293e-03
0.27900 0.86072 4.293e-03
0.27950 0.86664 4.293e-03
0.28000 0.86060 4.293e-03
0.28050 0.85893 4.293e-03
0.28100 0.85064 4.293e-03
0.28150 0.86256 4.293e-03
0.28200 0.86010 4.293e-03
0.28250 0.86290 4.293e-03
0.28300 0.85731 4.293e-03
0.28350 0.85466 4.293e-03
0.28400 0.85716 4.293e-03
0.28450 0.85660 4.293e-03
0.28500 0.86099 4.293e-03
0.28550 0.85948 4.293e-03
0.28600 0.84551 4.293e-03
0.28650 0.85899 4.293e-03
0.28700 0.86159 4.293e-03
0.28750 0.85496 4.293e-03
0.28800 0.85923 4.293e-03
0.28850 0.85466 4.293e-03
0.28900 0.86212 4.293e-03
0.28950 0.86274 4.293e-03
0.29000 0.85301 4.293e-03
0.29050 0.85100 4.293e-03
0.29100 0.85434 4.293e-03
0.29150 0.85815 4.293e-03
0.29200 0.85785 4.293e-03
0.29250 0.85668 4.293e-03
0.29300 0.85946 4.293e-03
0.29350 0.86025 4.293e-03
0.29400 0.85600 4.293e-03
0.29450 0.86416 4.293e-03
0.29500 0.86078 4.293e-03
0.29550 0.85476 4.293e-03
0.29600 0.86083 4.293e-03
0.29650 0.85621 4.293e-03
0.29700 0.86219 4.293e-03
0.29750 0.85638 4.293e-03
0.29800 0.85751 4.293e-03
0.29850 0.86141 4.293e-03
0.29900 0.85480 4.293e-03
0.29950 0.86027 4.293e-03
0.30000 0.86054 4.293e-03
0.30050 0.86658 4.293e-03
0.30100 0.86048 4.293e-03
0.30150 0.85154 4.293e-03
0.30200 0.86228 4.293e-03
0.30250 0.85340 4.293e-03
0.30300 0.85787 4.293e-03
0.30350 0.85853 4.293e-03
0.30400 0.85822 4.293e-03
0.30450 0.86470 4.293e-03
0.30500 0.85798 4.293e-03
0.30550 0.86564 4.293e-03
0.30600 0.85869 4.293e-03
0.30650 0.86083 4.293e-03
0.30700 0.86267 4.293e-03
0.30750 0.86288 4.293e-03
0.30800 0.85637 4.293e-03
0.30850 0.85346 4.293e-03
0.30900 0.85789 4.293e-03
0.30950 0.86296 4.293e-03
0.31000 0.85773 4.293e-03
0.31050 0.85525 4.293e-03
0.31100 0.86589 4.293e-03
0.31150 0.85201 4.293e-03
0.31200 0.86097 4.293e-03
0.31250 0.85787 4.293e-03
0.31300 0.85886 4.293e-03
0.31350 0.85453 4.293e-03
0.31400 0.85825 4.293e-03
0.31450 0.86244 4.293e-03
0.31500 0.86751 4.293e-03
0.31550 0.86095 4.293e-03
0.31600 0.86219 4.293e-03
0.31650 0.86188 4.293e-03
0.31700 0.86372 4.293e-03
0.31750 0.85834 4.293e-03
0.31800 0.85328 4.293e-03
0.31850 0.85614 4.293e-03
0.31900 0.86131 4.293e-03
0.31950 0.85334 4.293e-03
0.32000 0.85487 4.293e-03
0.32050 0.86198 4.293e-03
0.32100 0.86640 4.293e-03
0.32150 0.85946 4.293e-03
0.32200 0.85748 4.293e-03
0.32250 0.85770 4.293e-03
0.32300 0.85910 4.293e-03
0.32350 0.84949 4.293e-03
0.32400 0.85962 4.293e-03
0.32450 0.85784 4.293e-03
0.32500 0.86309 4.293e-03
0.32550 0.85724 4.293e-03
0.32600 0.86294 4.293e-03
0.32650 0.85260 4.293e-03
0.32700 0.85925 4.293e-03
0.32750 0.85631 4.293e-03
0.32800 0.86415 4.293e-03
0.32850 0.85795 4.293e-03
0.32900 0.87040 4.293e-03
0.32950 0.86207 4.293e-03
0.33000 0.85502 4.293e-03
0.33050 0.85153 4.293e-03
0.33100 0.85772 4.293e-03
0.33150 0.86006 4.293e-03
0.33200 0.86163 4.293e-03
0.33250 0.84890 4.293e-03
0.33300 0.85177 4.293e-03
0.33350 0.85870 4.293e-03
0.33400 0.85861 4.293e-03
0.33450 0.85999 4.293e-03
0.33500 0.86220 4.293e-03
0.33550 0.86210 4.293e-03
0.33600 0.86398 4.293e-03
0.33650 0.85849 4.293e-03
0.33700 0.85188 4.293e-03
0.33750 0.86348 4.293e-03
0.33800 0.86100 4.293e-03
0.33850 0.85320 4.293e-03
0.33900 0.85747 4.293e-03
0.33950 0.86476 4.293e-03
0.34000 0.85710 4.293e-03
0.34050 0.85654 4.293e-03
0.34100 0.85676 4.293e-03
0.34150 0.86741 4.293e-03
0.34200 0.86432 4.293e-03
0.34250 0.86016 4.293e-03
0.34300 0.85145 4.293e-03
0.34350 0.86220 4.293e-03
0.34400 0.85959 4.293e-03
0.34450 0.85878 4.293e-03
0.34500 0.85769 4.293e-03
0.34550 0.85101 4.293e-03
0.34600 0.85393 4.293e-03
0.34650 0.86196 4.293e-03
0.34700 0.86134 4.293e-03
0.34750 0.85588 4.293e-03
0.34800 0.85672 4.293e-03
0.34850 0.85431 4.293e-03
0.34900 0.85538 4.293e-03
0.34950 0.85735 4.293e-03
0.35000 0.85387 4.293e-03
0.35050 0.85702 4.293e-03
0.35100 0.86661 4.293e-03
0.35150 0.86254 4.293e-03
0.35200 0.85475 4.293e-03
0.35250 0.85660 4.293e-03
0.35300 0.85983 4.293e-03
0.35350 0.85481 4.293e-03
0.35400 0.85774 4.293e-03
0.35450 0.85099 4.293e-03
0.35500 0.85481 4.293e-03
0.35550 0.86565 4.293e-03
0.35600 0.85811 4.293e-03
0.35650 0.86263 4.293e-03
0.35700 0.85937 4.293e-03
0.35750 0.85966 4.293e-03
0.35800 0.85723 4.293e-03
0.35850 0.86092 4.293e-03
0.35900 0.85955 4.293e-03
0.35950 0.85603 4.293e-03
0.36000 0.86015 4.293e-03
0.36050 0.85788 4.293e-03
0.36100 0.85936 4.293e-03
0.36150 0.86342 4.293e-03
0.36200 0.85575 4.293e-03
0.36250 0.85618 4.293e-03
0.36300 0.85895 4.293e-03
0.36350 0.86283 4.293e-03
0.36400 0.85984 4.293e-03
0.36450 0.86381 4.293e-03
0.36500 0.85965 4.293e-03
0.36550 0.85154 4.293e-03
0.36600 0.85457 4.293e-03
0.36650 0.85573 4.293e-03
0.36700 0.85587 4.293e-03
0.36750 0.85869 4.293e-03
0.36800 0.86002 4.293e-03
0.36850 0.86306 4.293e-03
0.36900 0.85831 4.293e-03
0.36950 0.85455 4.293e-03
0.37000 0.86232 4.293e-03
0.37050 0.85523 4.293e-03
0.37100 0.85474 4.293e-03
0.37150 0.86513 4.293e-03
0.37200 0.85776 4.293e-03
0.37250 0.86124 4.293e-03
0.37300 0.85507 4.293e-03
0.37350 0.86283 4.293e-03
0.37400 0.84822 4.293e-03
0.37450 0.85589 4.293e-03
0.37500 0.85929 4.293e-03
0.37550 0.85936 4.293e-03
0.37600 0.85533 4.293e-03
0.37650 0.86282 4.293e-03
0.37700 0.86006 4.293e-03
0.37750 0.85882 4.293e-03
0.37800 0.85589 4.293e-03
0.37850 0.86274 4.293e-03
0.37900 0.85577 4.293e-03
0.37950 0.85864 4.293e-03
0.38000 0.86313 4.293e-03
0.38050 0.85705 4.293e-03
0.38100 0.86459 4.293e-03
0.38150 0.85520 4.293e-03
0.38200 0.86377 4.293e-03
0.38250 0.86038 4.293e-03
0.38300 0.86472 4.293e-03
0.38350 0.85542 4.293e-03
0.38400 0.86263 4.293e-03
0.38450 0.86074 4.293e-03
0.38500 0.85534 4.293e-03
0.38550 0.85988 4.293e-03
0.38600 0.85698 4.293e-03
0.38650 0.85672 4.293e-03
0.38700 0.85731 4.293e-03
0.38750 0.85951 4.293e-03
0.38800 0.85876 4.293e-03
0.38850 0.86206 4.293e-03
0.38900 0.86187 4.293e-03
0.38950 0.86592 4.293e-03
0.39000 0.86113 4.293e-03
0.39050 0.85774 4.293e-03
0.39100 0.86083 4.293e-03
0.39150 0.86518 4.293e-03
0.39200 0.86105 4.293e-03
0.39250 0.85466 4.293e-03
0.39300 0.85827 4.293e-03
0.39350 0.86154 4.293e-03
0.39400 0.85339 4.293e-03
0.39450 0.85941 4.293e-03
0.39500 0.86239 4.293e-03
0.39550 0.85686 4.293e-03
0.39600 0.86150 4.293e-03
0.39650 0.85885 4.293e-03
0.39700 0.85965 4.293e-03
0.39750 0.86465 4.293e-03
0.39800 0.86172 4.293e-03
0.39850 0.85450 4.293e-03
0.39900 0.85812 4.293e-03
0.39950 0.86233 4.293e-03
0.40000 0.86559 4.293e-03
0.40050 0.85722 4.293e-03
0.40100 0.85953 4.293e-03
0.40150 0.86017 4.293e-03
0.40200 0.85049 4.293e-03
0.40250 0.85990 4.293e-03
0.40300 0.86772 4.293e-03
0.40350 0.85560 4.293e-03
0.40400 0.86004 4.293e-03
0.40450 0.85967 4.293e-03
0.40500 0.85985 4.293e-03
0.40550 0.84958 4.293e-03
0.40600 0.85790 4.293e-03
0.40650 0.86002 4.293e-03
0.40700 0.85904 4.293e-03
0.40750 0.86649 4.293e-03
0.40800 0.86296 4.293e-03
0.40850 0.86466 4.293e-03
0.40900 0.86251 4.293e-03
0.40950 0.85552 4.293e-03
0.41000 0.86252 4.293e-03
0.41050 0.86729 4.293e-03
0.41100 0.85626 4.293e-03
0.41150 0.85383 4.293e-03
0.41200 0.85124 4.293e-03
0.41250 0.86165 4.293e-03
0.41300 0.85211 4.293e-03
0.41350 0.85622 4.293e-03
0.41400 0.85426 4.293e-03
0.41450 0.85786 4.293e-03
0.41500 0.85845 4.293e-03
0.41550 0.86033 4.293e-03
0.41600 0.87060 4.293e-03
0.41650 0.85951 4.293e-03
0.41700 0.85800 4.293e-03
0.41750 0.86139 4.293e-03
0.41800 0.86113 4.293e-03
0.41850 0.85993 4.293e-03
0.41900 0.86053 4.293e-03
0.41950 0.86356 4.293e-03
0.42000 0.85677 4.293e-03
0.42050 0.86278 4.293e-03
0.42100 0.85549 4.293e-03
0.42150 0.85171 4.293e-03
0.42200 0.85415 4.293e-03
0.42250 0.85987 4.293e-03
0.42300 0.86070 4.293e-03
0.42350 0.85310 4.293e-03
0.42400 0.85938 4.293e-03
0.42450 0.86645 4.293e-03
0.42500 0.86007 4.293e-03
0.42550 0.86877 4.293e-03
0.42600 0.85991 4.293e-03
0.42650 0.84848 4.293e-03
0.42700 0.85643 4.293e-03
0.42750 0.86226 4.293e-03
0.42800 0.85616 4.293e-03
0.42850 0.86533 4.293e-03
0.42900 0.85849 4.293e-03
0.42950 0.85503 4.293e-03
0.43000 0.85640 4.293e-03
0.43050 0.86057 4.293e-03
0.43100 0.85823 4.293e-03
0.43150 0.86530 4.293e-03
0.43200 0.85328 4.293e-03
0.43250 0.85293 4.293e-03
0.43300 0.85684 4.293e-03
0.43350 0.85840 4.293e-03
0.43400 0.85887 4.293e-03
0.43450 0.86601 4.293e-03
0.43500 0.86044 4.293e-03
0.43550 0.85332 4.293e-03
0.43600 0.85898 4.293e-03
0.43650 0.85083 4.293e-03
0.43700 0.85963 4.293e-03
0.43750 0.86127 4.293e-03
0.43800 0.85861 4.293e-03
0.43850 0.85684 4.293e-03
0.43900 0.86732 4.293e-03
0.43950 0.85836 4.293e-03
0.44000 0.85600 4.293e-03
0.44050 0.85806 4.293e-03
0.44100 0.85582 4.293e-03
0.44150 0.86151 4.293e-03
0.44200 0.86028 4.293e-03
0.44250 0.86508 4.293e-03
0.44300 0.86237 4.293e-03
0.44350 0.86015 4.293e-03
0.44400 0.86124 4.293e-03
0.44450 0.85822 4.293e-03
0.44500 0.85842 4.293e-03
0.44550 0.86044 4.293e-03
0.44600 0.86340 4.293e-03
0.44650 0.85861 4.293e-03
0.44700 0.86117 4.293e-03
0.44750 0.85166 4.293e-03
0.44800 0.85922 4.293e-03
0.44850 0.86248 4.293e-03
0.44900 0.85872 4.293e-03
0.44950 0.85719 4.293e-03
0.45000 0.86659 4.293e-03
0.45050 0.86308 4.293e-03
0.45100 0.86276 4.293e-03
0.45150 0.85792 4.293e-03
0.45200 0.85680 4.293e-03
0.45250 0.85347 4.293e-03
0.45300 0.84495 4.293e-03
0.45350 0.84875 4.293e-03
0.45400 0.85302 4.293e-03
0.45450 0.85445 4.293e-03
0.45500 0.85428 4.293e-03
0.45550 0.84898 4.293e-03
0.45600 0.84705 4.293e-03
0.45650 0.85482 4.293e-03
0.45700 0.84284 4.293e-03
0.45750 0.84437 4.293e-03
0.45800 0.84545 4.293e-03
0.45850 0.84343 4.293e-03
0.45900 0.83912 4.293e-03
0.45950 0.84411 4.293e-03
0.46000 0.84407 4.293e-03
0.46050 0.83266 4.293e-03
0.46100 0.83549 4.293e-03
0.46150 0.83087 4.293e-03
0.46200 0.83275 4.293e-03
0.46250 0.82194 4.293e-03
0.46300 0.82701 4.293e-03
0.46350 0.82492 4.293e-03
0.46400 0.82635 4.293e-03
0.46450 0.82315 4.293e-03
0.46500 0.81380 4.293e-03
0.46550 0.82853 4.293e-03
0.46600 0.81394 4.293e-03
0.46650 0.81681 4.293e-03
0.46700 0.80491 4.293e-03
0.46750 0.80434 4.293e-03
0.46800 0.81470 4.293e-03
0.46850 0.80521 4.293e-03
0.46900 0.80647 4.293e-03
0.46950 0.80035 4.293e-03
0.47000 0.79568 4.293e-03
0.47050 0.79382 4.293e-03
0.47100 0.79673 4.293e-03
0.47150 0.78674 4.293e-03
0.47200 0.79076 4.293e-03
0.47250 0.78732 4.293e-03
0.47300 0.77920 4.293e-03
0.47350 0.78396 4.293e-03
0.47400 0.78186 4.293e-03
0.47450 0.78139 4.293e-03
0.47500 0.77854 4.293e-03
0.47550 0.76881 4.293e-03
0.47600 0.77722 4.293e-03
0.47650 0.76989 4.293e-03
0.47700 0.76645 4.293e-03
0.47750 0.76659 4.293e-03
0.47800 0.77073 4.293e-03
0.47850 0.76069 4.293e-03
0.47900 0.75413 4.293e-03
0.47950 0.75772 4.293e-03
0.48000 0.75303 4.293e-03
0.48050 0.75288 4.293e-03
0.48100 0.74418 4.293e-03
0.48150 0.74742 4.293e-03
0.48200 0.74751 4.293e-03
0.48250 0.73994 4.293e-03
0.48300 0.74275 4.293e-03
0.48350 0.73170 4.293e-03
0.48400 0.74094 4.293e-03
0.48450 0.73822 4.293e-03
0.48500 0.72338 4.293e-03
0.48550 0.73519 4.293e-03
0.48600 0.72635 4.293e-03
0.48650 0.72026 4.293e-03
0.48700 0.72463 4.293e-03
0.48750 0.71874 4.293e-03
0.48800 0.71100 4.293e-03
0.48850 0.70363 4.293e-03
0.48900 0.71015 4.293e-03
0.48950 0.70526 4.293e-03
0.49000 0.70410 4.293e-03
0.49050 0.69957 4.293e-03
0.49100 0.69361 4.293e-03
0.49150 0.69199 4.293e-03
0.49200 0.69950 4.293e-03
0.49250 0.68971 4.293e-03
0.49300 0.68325 4.293e-03
0.49350 0.68178 4.293e-03
0.49400 0.67807 4.293e-03
0.49450 0.67926 4.293e-03
0.49500 0.68262 4.293e-03
0.49550 0.67888 4.293e-03
0.49600 0.67767 4.293e-03
0.49650 0.67442 4.293e-03
0.49700 0.68062 4.293e-03
0.49750 0.66627 4.293e-03
0.49800 0.67342 4.293e-03
0.49850 0.66627 4.293e-03
0.49900 0.66600 4.293e-03
0.49950 0.66419 4.293e-03
0.50000 0.66385 4.293e-03
0.50050 0.66673 4.293e-03
0.50100 0.66970 4.293e-03
0.50150 0.67275 4.293e-03
0.50200 0.66764 4.293e-03
0.50250 0.67096 4.293e-03
0.50300 0.67138 4.293e-03
0.50350 0.67168 4.293e-03
0.50400 0.68358 4.293e-03
0.50450 0.68438 4.293e-03
0.50500 0.67922 4.293e-03
0.50550 0.68500 4.293e-03
0.50600 0.69029 4.293e-03
0.50650 0.69149 4.293e-03
0.50700 0.69654 4.293e-03
0.50750 0.68905 4.293e-03
0.50800 0.69772 4.293e-03
0.50850 0.69698 4.293e-03
0.50900 0.69732 4.293e-03
0.50950 0.70342 4.293e-03
0.51000 0.70262 4.293e-03
0.51050 0.70279 4.293e-03
0.51100 0.70588 4.293e-03
0.51150 0.72107 4.293e-03
0.51200 0.71493 4.293e-03
0.51250 0.71207 4.293e-03
0.51300 0.72338 4.293e-03
0.51350 0.72153 4.293e-03
0.51400 0.72363 4.293e-03
0.51450 0.72727 4.293e-03
0.51500 0.73222 4.293e-03
0.51550 0.73738 4.293e-03
0.51600 0.73292 4.293e-03
0.51650 0.73860 4.293e-03
0.51700 0.73630 4.293e-03
0.51750 0.74678 4.293e-03
0.51800 0.75233 4.293e-03
0.51850 0.74756 4.293e-03
0.51900 0.75927 4.293e-03
0.51950 0.75528 4.293e-03
0.52000 0.76048 4.293e-03
0.52050 0.75663 4.293e-03
0.52100 0.75384 4.293e-03
0.52150 0.75905 4.293e-03
0.52200 0.76132 4.293e-03
0.52250 0.76934 4.293e-03
0.52300 0.76816 4.293e-03
0.52350 0.77172 4.293e-03
0.52400 0.77980 4.293e-03
0.52450 0.78319 4.293e-03
0.52500 0.77708 4.293e-03
0.52550 0.78202 4.293e-03
0.52600 0.78335 4.293e-03
0.52650 0.78540 4.293e-03
0.52700 0.78456 4.293e-03
0.52750 0.78722 4.293e-03
0.52800 0.78371 4.293e-03
0.52850 0.79991 4.293e-03
0.52900 0.79699 4.293e-03
0.52950 0.79791 4.293e-03
0.53000 0.80541 4.293e-03
0.53050 0.79974 4.293e-03
0.53100 0.80363 4.293e-03
0.53150 0.80473 4.293e-03
0.53200 0.80967 4.293e-03
0.53250 0.81296 4.293e-03
0.53300 0.81299 4.293e-03
0.53350 0.80549 4.293e-03
0.53400 0.81528 4.293e-03
0.53450 0.81469 4.293e-03
0.53500 0.82438 4.293e-03
0.53550 0.82341 4.293e-03
0.53600 0.81874 4.293e-03
0.53650 0.83543 4.293e-03
0.53700 0.82341 4.293e-03
0.53750 0.82412 4.293e-03
0.53800 0.82366 4.293e-03
0.53850 0.83109 4.293e-03
0.53900 0.82853 4.293e-03
0.53950 0.82764 4.293e-03
0.54000 0.82957 4.293e-03
0.54050 0.84351 4.293e-03
0.54100 0.83894 4.293e-03
0.54150 0.83536 4.293e-03
0.54200 0.84558 4.293e-03
0.54250 0.84919 4.293e-03
0.54300 0.83789 4.293e-03
0.54350 0.84457 4.293e-03
0.54400 0.85322 4.293e-03
0.54450 0.84121 4.293e-03
0.54500 0.85174 4.293e-03
0.54550 0.85397 4.293e-03
0.54600 0.85746 4.293e-03
0.54650 0.85331 4.293e-03
0.54700 0.84993 4.293e-03
0.54750 0.85737 4.293e-03
0.54800 0.85926 4.293e-03
0.54850 0.85479 4.293e-03
0.54900 0.86114 4.293e-03
0.54950 0.85479 4.293e-03
0.55000 0.86340 4.293e-03
0.55050 0.85414 4.293e-03
0.55100 0.86113 4.293e-03
0.55150 0.86305 4.293e-03
0.55200 0.86558 4.293e-03
0.55250 0.84898 4.293e-03
0.55300 0.85759 4.293e-03
0.55350 0.86281 4.293e-03
0.55400 0.86914 4.293e-03
0.55450 0.86024 4.293e-03
0.55500 0.86176 4.293e-03
0.55550 0.85607 4.293e-03
0.55600 0.85940 4.293e-03
0.55650 0.85897 4.293e-03
0.55700 0.85282 4.293e-03
0.55750 0.86167 4.293e-03
0.55800 0.85852 4.293e-03
0.55850 0.85628 4.293e-03
0.55900 0.86233 4.293e-03
0.55950 0.85671 4.293e-03
0.56000 0.85084 4.293e-03
0.56050 0.86222 4.293e-03
0.56100 0.85376 4.293e-03
0.56150 0.85226 4.293e-03
0.56200 0.86248 4.293e-03
0.56250 0.86480 4.293e-03
0.56300 0.85742 4.293e-03
0.56350 0.85975 4.293e-03
0.56400 0.84908 4.293e-03
0.56450 0.85913 4.293e-03
0.56500 0.86444 4.293e-03
0.56550 0.85262 4.293e-03
0.56600 0.84891 4.293e-03
0.56650 0.85738 4.293e-03
0.56700 0.86520 4.293e-03
0.56750 0.85429 4.293e-03
0.56800 0.84989 4.293e-03
0.56850 0.86376 4.293e-03
0.56900 0.85767 4.293e-03
0.56950 0.86722 4.293e-03
0.57000 0.85979 4.293e-03
0.57050 0.85536 4.293e-03
0.57100 0.86272 4.293e-03
0.57150 0.86577 4.293e-03
0.57200 0.85723 4.293e-03
0.57250 0.85645 4.293e-03
0.57300 0.86417 4.293e-03
0.57350 0.86120 4.293e-03
0.57400 0.86524 4.293e-03
0.57450 0.85928 4.293e-03
0.57500 0.85743 4.293e-03
0.57550 0.85398 4.293e-03
0.57600 0.85925 4.293e-03
0.57650 0.85957 4.293e-03
0.57700 0.86142 4.293e-03
0.57750 0.85852 4.293e-03
0.57800 0.86486 4.293e-03
0.57850 0.85939 4.293e-03
0.57900 0.85204 4.293e-03
0.57950 0.85587 4.293e-03
0.58000 0.85580 4.293e-03
0.58050 0.85390 4.293e-03
0.58100 0.85753 4.293e-03
0.58150 0.86001 4.293e-03
0.58200 0.85933 4.293e-03
0.58250 0.85573 4.293e-03
0.58300 0.86037 4.293e-03
0.58350 0.86318 4.293e-03
0.58400 0.85969 4.293e-03
0.58450 0.86344 4.293e-03
0.58500 0.85503 4.293e-03
0.58550 0.86096 4.293e-03
0.58600 0.85426 4.293e-03
0.58650 0.86008 4.293e-03
0.58700 0.86420 4.293e-03
0.58750 0.85446 4.293e-03
0.58800 0.85518 4.293e-03
0.58850 0.85924 4.293e-03
0.58900 0.85662 4.293e-03
0.58950 0.85518 4.293e-03
0.59000 0.86775 4.293e-03
0.59050 0.85709 4.293e-03
0.59100 0.85984 4.293e-03
0.59150 0.85422 4.293e-03
0.59200 0.86537 4.293e-03
0.59250 0.86267 4.293e-03
0.59300 0.85266 4.293e-03
0.59350 0.86011 4.293e-03
0.59400 0.86017 4.293e-03
0.59450 0.85539 4.293e-03
0.59500 0.86210 4.293e-03
0.59550 0.86387 4.293e-03
0.59600 0.85883 4.293e-03
0.59650 0.85455 4.293e-03
0.59700 0.85354 4.293e-03
0.59750 0.85740 4.293e-03
0.59800 0.85829 4.293e-03
0.59850 0.85581 4.293e-03
0.59900 0.86373 4.293e-03
0.59950 0.85456 4.293e-03
0.60000 0.86351 4.293e-03
0.60050 0.85525 4.293e-03
0.60100 0.85356 4.293e-03
0.60150 0.86592 4.293e-03
0.60200 0.86154 4.293e-03
0.60250 0.86052 4.293e-03
0.60300 0.85738 4.293e-03
0.60350 0.85719 4.293e-03
0.60400 0.86048 4.293e-03
0.60450 0.85913 4.293e-03
0.60500 0.85660 4.293e-03
0.60550 0.85570 4.293e-03
0.60600 0.85589 4.293e-03
0.60650 0.85358 4.293e-03
0.60700 0.85725 4.293e-03
0.60750 0.86034 4.293e-03
0.60800 0.86119 4.293e-03
0.60850 0.84867 4.293e-03
0.60900 0.86761 4.293e-03
0.60950 0.85769 4.293e-03
0.61000 0.85982 4.293e-03
0.61050 0.85679 4.293e-03
0.61100 0.85825 4.293e-03
0.61150 0.85854 4.293e-03
0.61200 0.85335 4.293e-03
0.61250 0.86295 4.293e-03
0.61300 0.85653 4.293e-03
0.61350 0.86670 4.293e-03
0.61400 0.86298 4.293e-03
0.61450 0.84910 4.293e-03
0.61500 0.86368 4.293e-03
0.61550 0.86522 4.293e-03
0.61600 0.86030 4.293e-03
0.61650 0.85639 4.293e-03
0.61700 0.86261 4.293e-03
0.61750 0.85657 4.293e-03
0.61800 0.85554 4.293e-03
0.61850 0.85886 4.293e-03
0.61900 0.86097 4.293e-03
0.61950 0.85470 4.293e-03
0.62000 0.86011 4.293e-03
0.62050 0.85019 4.293e-03
0.62100 0.85958 4.293e-03
0.62150 0.85758 4.293e-03
0.62200 0.86823 4.293e-03
0.62250 0.86295 4.293e-03
0.62300 0.86197 4.293e-03
0.62350 0.86029 4.293e-03
0.62400 0.86217 4.293e-03
0.62450 0.85394 4.293e-03
0.62500 0.85690 4.293e-03
0.62550 0.85932 4.293e-03
0.62600 0.85794 4.293e-03
0.62650 0.85831 4.293e-03
0.62700 0.86167 4.293e-03
0.62750 0.86294 4.293e-03
0.62800 0.86192 4.293e-03
0.62850 0.86211 4.293e-03
0.62900 0.86267 4.293e-03
0.62950 0.85456 4.293e-03
0.63000 0.86353 4.293e-03
0.63050 0.86008 4.293e-03
0.63100 0.86157 4.293e-03
0.63150 0.84910 4.293e-03
0.63200 0.86050 4.293e-03
0.63250 0.85860 4.293e-03
0.63300 0.85306 4.293e-03
0.63350 0.86170 4.293e-03
0.63400 0.85783 4.293e-03
0.63450 0.86025 4.293e-03
0.63500 0.86321 4.293e-03
0.63550 0.85784 4.293e-03
0.63600 0.85398 4.293e-03
0.63650 0.85852 4.293e-03
0.63700 0.86839 4.293e-03
0.63750 0.85363 4.293e-03
0.63800 0.85495 4.293e-03
0.63850 0.85417 4.293e-03
0.63900 0.86079 4.293e-03
0.63950 0.85571 4.293e-03
0.64000 0.85774 4.293e-03
0.64050 0.85866 4.293e-03
0.64100 0.86434 4.293e-03
0.64150 0.85921 4.293e-03
0.64200 0.86458 4.293e-03
0.64250 0.85794 4.293e-03
0.64300 0.85502 4.293e-03
0.64350 0.86237 4.293e-03
0.64400 0.85294 4.293e-03
0.64450 0.85476 4.293e-03
0.64500 0.86059 4.293e-03
0.64550 0.85446 4.293e-03
0.64600 0.86448 4.293e-03
0.64650 0.85724 4.293e-03
0.64700 0.86068 4.293e-03
0.64750 0.85457 4.293e-03
0.64800 0.85833 4.293e-03
0.64850 0.86073 4.293e-03
0.64900 0.86491 4.293e-03
0.64950 0.86262 4.293e-03
0.65000 0.85738 4.293e-03
0.65050 0.85265 4.293e-03
0.65100 0.85822 4.293e-03
0.65150 0.85613 4.293e-03
0.65200 0.85819 4.293e-03
0.65250 0.85577 4.293e-03
0.65300 0.86210 4.293e-03
0.65350 0.86859 4.293e-03
0.65400 0.86153 4.293e-03
0.65450 0.86249 4.293e-03
0.65500 0.86048 4.293e-03
0.65550 0.85753 4.293e-03
0.65600 0.85098 4.293e-03
0.65650 0.85576 4.293e-03
0.65700 0.85458 4.293e-03
0.65750 0.86449 4.293e-03
0.65800 0.85384 4.293e-03
0.65850 0.85937 4.293e-03
0.65900 0.85786 4.293e-03
0.65950 0.85660 4.293e-03
0.66000 0.86622 4.293e-03
0.66050 0.86293 4.293e-03
0.66100 0.86388 4.293e-03
0.66150 0.85322 4.293e-03
0.66200 0.85490 4.293e-03
0.66250 0.85966 4.293e-03
0.66300 0.86105 4.293e-03
0.66350 0.85809 4.293e-03
0.66400 0.85293 4.293e-03
0.66450 0.86205 4.293e-03
0.66500 0.85290 4.293e-03
0.66550 0.86134 4.293e-03
0.66600 0.85418 4.293e-03
0.66650 0.85710 4.293e-03
0.66700 0.85369 4.293e-03
0.66750 0.85353 4.293e-03
0.66800 0.86240 4.293e-03
0.66850 0.85747 4.293e-03
0.66900 0.85418 4.293e-03
0.66950 0.86284 4.293e-03
0.67000 0.85985 4.293e-03
0.67050 0.85558 4.293e-03
0.67100 0.85576 4.293e-03
0.67150 0.85881 4.293e-03
0.67200 0.86454 4.293e-03
0.67250 0.86355 4.293e-03
0.67300 0.84627 4.293e-03
0.67350 0.85818 4.293e-03
0.67400 0.86437 4.293e-03
0.67450 0.85474 4.293e-03
0.67500 0.86024 4.293e-03
0.67550 0.85932 4.293e-03
0.67600 0.85787 4.293e-03
0.67650 0.86647 4.293e-03
0.67700 0.85808 4.293e-03
0.67750 0.86349 4.293e-03
0.67800 0.85480 4.293e-03
0.67850 0.86325 4.293e-03
0.67900 0.86112 4.293e-03
0.67950 0.86345 4.293e-03
0.68000 0.85125 4.293e-03
0.68050 0.85866 4.293e-03
0.68100 0.85698 4.293e-03
0.68150 0.86409 4.293e-03
0.68200 0.86326 4.293e-03
0.68250 0.86194 4.293e-03
0.68300 0.85579 4.293e-03
0.68350 0.86247 4.293e-03
0.68400 0.85116 4.293e-03
0.68450 0.85493 4.293e-03
0.68500 0.85362 4.293e-03
0.68550 0.85475 4.293e-03
0.68600 0.85558 4.293e-03
0.68650 0.85645 4.293e-03
0.68700 0.85572 4.293e-03
0.68750 0.85438 4.293e-03
0.68800 0.86414 4.293e-03
0.68850 0.86248 4.293e-03
0.68900 0.85794 4.293e-03
0.68950 0.86257 4.293e-03
0.69000 0.85903 4.293e-03
0.69050 0.86016 4.293e-03
0.69100 0.86297 4.293e-03
0.69150 0.85627 4.293e-03
0.69200 0.85980 4.293e-03
0.69250 0.85947 4.293e-03
0.69300 0.86567 4.293e-03
0.69350 0.86059 4.293e-03
0.69400 0.85169 4.293e-03
0.69450 0.85529 4.293e-03
0.69500 0.85600 4.293e-03
0.69550 0.84903 4.293e-03
0.69600 0.85579 4.293e-03
0.69650 0.86016 4.293e-03
0.69700 0.85028 4.293e-03
0.69750 0.85830 4.293e-03
0.69800 0.86390 4.293e-03
0.69850 0.85933 4.293e-03
0.69900 0.86759 4.293e-03
0.69950 0.86362 4.293e-03
0.70000 0.85758 4.293e-03
0.70050 0.85344 4.293e-03
0.70100 0.85928 4.293e-03
0.70150 0.85858 4.293e-03
0.70200 0.85798 4.293e-03
0.70250 0.86794 4.293e-03
0.70300 0.86007 4.293e-03
0.70350 0.85922 4.293e-03
0.70400 0.85688 4.293e-03
0.70450 0.84768 4.293e-03
0.70500 0.85702 4.293e-03
0.70550 0.86153 4.293e-03
0.70600 0.85655 4.293e-03
0.70650 0.86364 4.293e-03
0.70700 0.86254 4.293e-03
0.70750 0.85410 4.293e-03
0.70800 0.85315 4.293e-03
0.70850 0.86099 4.293e-03
0.70900 0.85848 4.293e-03
0.70950 0.86079 4.293e-03
0.71000 0.86024 4.293e-03
0.71050 0.85998 4.293e-03
0.71100 0.86005 4.293e-03
0.71150 0.85347 4.293e-03
0.71200 0.84966 4.293e-03
0.71250 0.85599 4.293e-03
0.71300 0.86043 4.293e-03
0.71350 0.84736 4.293e-03
0.71400 0.85655 4.293e-03
0.71450 0.86033 4.293e-03
0.71500 0.85322 4.293e-03
0.71550 0.86190 4.293e-03
0.71600 0.85528 4.293e-03
0.71650 0.86718 4.293e-03
0.71700 0.85731 4.293e-03
0.71750 0.85748 4.293e-03
0.71800 0.85490 4.293e-03
0.71850 0.85277 4.293e-03
0.71900 0.85688 4.293e-03
0.71950 0.85493 4.293e-03
0.72000 0.85939 4.293e-03
0.72050 0.85768 4.293e-03
0.72100 0.86072 4.293e-03
0.72150 0.86756 4.293e-03
0.72200 0.85210 4.293e-03
0.72250 0.86109 4.293e-03
0.72300 0.86062 4.293e-03
0.72350 0.85813 4.293e-03
0.72400 0.84944 4.293e-03
0.72450 0.86443 4.293e-03
0.72500 0.86247 4.293e-03
0.72550 0.86144 4.293e-03
0.72600 0.85308 4.293e-03
0.72650 0.85568 4.293e-03
0.72700 0.85168 4.293e-03
0.72750 0.86086 4.293e-03
0.72800 0.85910 4.293e-03
0.72850 0.84864 4.293e-03
0.72900 0.86083 4.293e-03
0.72950 0.86124 4.293e-03
0.73000 0.86069 4.293e-03
0.73050 0.86363 4.293e-03
0.73100 0.85959 4.293e-03
0.73150 0.85286 4.293e-03
0.73200 0.85866 4.293e-03
0.73250 0.85215 4.293e-03
0.73300 0.85093 4.293e-03
0.73350 0.85734 4.293e-03
0.73400 0.85768 4.293e-03
0.73450 0.85555 4.293e-03
0.73500 0.85837 4.293e-03
0.73550 0.86803 4.293e-03
0.73600 0.85145 4.293e-03
0.73650 0.85289 4.293e-03
0.73700 0.86195 4.293e-03
0.73750 0.85598 4.293e-03
0.73800 0.84900 4.293e-03
0.73850 0.85558 4.293e-03
0.73900 0.86259 4.293e-03
0.73950 0.86274 4.293e-03
0.74000 0.85586 4.293e-03
0.74050 0.85089 4.293e-03
0.74100 0.86092 4.293e-03
0.74150 0.86365 4.293e-03
0.74200 0.85863 4.293e-03
0.74250 0.86178 4.293e-03
0.74300 0.85988 4.293e-03
0.74350 0.85432 4.293e-03
0.74400 0.86313 4.293e-03
0.74450 0.85702 4.293e-03
0.74500 0.85946 4.293e-03
0.74550 0.86339 4.293e-03
0.74600 0.85144 4.293e-03
0.74650 0.85184 4.293e-03
0.74700 0.84470 4.293e-03
0.74750 0.85431 4.293e-03
0.74800 0.85853 4.293e-03
0.74850 0.85213 4.293e-03
0.74900 0.85893 4.293e-03
0.74950 0.86089 4.293e-03
0.75000 0.86109 4.293e-03
0.75050 0.86222 4.293e-03
0.75100 0.85960 4.293e-03
0.75150 0.86542 4.293e-03
0.75200 0.85287 4.293e-03
0.75250 0.86753 4.293e-03
0.75300 0.85685 4.293e-03
0.75350 0.86406 4.293e-03
0.75400 0.85612 4.293e-03
0.75450 0.86368 4.293e-03
0.75500 0.85956 4.293e-03
0.75550 0.85856 4.293e-03
0.75600 0.85533 4.293e-03
0.75650 0.85971 4.293e-03
0.75700 0.86067 4.293e-03
0.75750 0.85964 4.293e-03
0.75800 0.85585 4.293e-03
0.75850 0.85673 4.293e-03
0.75900 0.85563 4.293e-03
0.75950 0.85968 4.293e-03
0.76000 0.86206 4.293e-03
0.76050 0.84901 4.293e-03
0.76100 0.86108 4.293e-03
0.76150 0.86356 4.293e-03
0.76200 0.85472 4.293e-03
0.76250 0.85315 4.293e-03
0.76300 0.86071 4.293e-03
0.76350 0.86012 4.293e-03
0.76400 0.86018 4.293e-03
0.76450 0.85838 4.293e-03
0.76500 0.85581 4.293e-03
0.76550 0.84884 4.293e-03
0.76600 0.84767 4.293e-03
0.76650 0.85565 4.293e-03
0.76700 0.85958 4.293e-03
0.76750 0.86211 4.293e-03
0.76800 0.85593 4.293e-03
0.76850 0.85960 4.293e-03
0.76900 0.86977 4.293e-03
0.76950 0.85970 4.293e-03
0.77000 0.85930 4.293e-03
0.77050 0.84864 4.293e-03
0.77100 0.85119 4.293e-03
0.77150 0.86083 4.293e-03
0.77200 0.85397 4.293e-03
0.77250 0.86517 4.293e-03
0.77300 0.85443 4.293e-03
0.77350 0.85947 4.293e-03
0.77400 0.85933 4.293e-03
0.77450 0.86380 4.293e-03
0.77500 0.86164 4.293e-03
0.77550 0.86311 4.293e-03
0.77600 0.85481 4.293e-03
0.77650 0.84911 4.293e-03
0.77700 0.85742 4.293e-03
0.77750 0.85379 4.293e-03
0.77800 0.86501 4.293e-03
0.77850 0.85896 4.293e-03
0.77900 0.85685 4.293e-03
0.77950 0.84965 4.293e-03
0.78000 0.85628 4.293e-03
0.78050 0.85950 4.293e-03
0.78100 0.85930 4.293e-03
0.78150 0.84992 4.293e-03
0.78200 0.86671 4.293e-03
0.78250 0.86197 4.293e-03
0.78300 0.85794 4.293e-03
0.78350 0.85062 4.293e-03
0.78400 0.86361 4.293e-03
0.78450 0.86031 4.293e-03
0.78500 0.85723 4.293e-03
0.78550 0.85560 4.293e-03
0.78600 0.86361 4.293e-03
0.78650 0.85647 4.293e-03
0.78700 0.86116 4.293e-03
0.78750 0.85512 4.293e-03
0.78800 0.85360 4.293e-03
0.78850 0.86022 4.293e-03
0.78900 0.85987 4.293e-03
0.78950 0.85509 4.293e-03
0.79000 0.85656 4.293e-03
0.79050 0.85793 4.293e-03
0.79100 0.85887 4.293e-03
0.79150 0.86039 4.293e-03
0.79200 0.85666 4.293e-03
0.79250 0.85918 4.293e-03
0.79300 0.85618 4.293e-03
0.79350 0.86043 4.293e-03
0.79400 0.86046 4.293e-03
0.79450 0.86377 4.293e-03
0.79500 0.85787 4.293e-03
0.79550 0.86456 4.293e-03
0.79600 0.85845 4.293e-03
0.79650 0.84803 4.293e-03
0.79700 0.85819 4.293e-03
0.79750 0.85797 4.293e-03
0.79800 0.86092 4.293e-03
0.79850 0.86435 4.293e-03
0.79900 0.86181 4.293e-03
0.79950 0.85948 4.293e-03
0.80000 0.86089 4.293e-03
0.80050 0.86001 4.293e-03
0.80100 0.86237 4.293e-03
0.80150 0.85859 4.293e-03
0.80200 0.85341 4.293e-03
0.80250 0.85961 4.293e-03
0.80300 0.85810 4.293e-03
0.80350 0.86334 4.293e-03
0.80400 0.85462 4.293e-03
0.80450 0.85331 4.293e-03
0.80500 0.85599 4.293e-03
0.80550 0.85380 4.293e-03
0.80600 0.85325 4.293e-03
0.80650 0.85862 4.293e-03
0.80700 0.85633 4.293e-03
0.80750 0.85891 4.293e-03
0.80800 0.85035 4.293e-03
0.80850 0.85985 4.293e-03
0.80900 0.86022 4.293e-03
0.80950 0.85834 4.293e-03
0.81000 0.86398 4.293e-03
0.81050 0.86108 4.293e-03
0.81100 0.86742 4.293e-03
0.81150 0.86082 4.293e-03
0.81200 0.84986 4.293e-03
0.81250 0.85843 4.293e-03
0.81300 0.85782 4.293e-03
0.81350 0.85559 4.293e-03
0.81400 0.86468 4.293e-03
0.81450 0.85793 4.293e-03
0.81500 0.85219 4.293e-03
0.81550 0.85635 4.293e-03
0.81600 0.86208 4.293e-03
0.81650 0.85694 4.293e-03
0.81700 0.86730 4.293e-03
0.81750 0.85833 4.293e-03
0.81800 0.86448 4.293e-03
0.81850 0.86190 4.293e-03
0.81900 0.85933 4.293e-03
0.81950 0.86148 4.293e-03
0.82000 0.86668 4.293e-03
0.82050 0.85793 4.293e-03
0.82100 0.86310 4.293e-03
0.82150 0.85746 4.293e-03
0.82200 0.86386 4.293e-03
0.82250 0.85273 4.293e-03
0.82300 0.85947 4.293e-03
0.82350 0.85384 4.293e-03
0.82400 0.84999 4.293e-03
0.82450 0.85757 4.293e-03
0.82500 0.85654 4.293e-03
0.82550 0.85982 4.293e-03
0.82600 0.85394 4.293e-03
0.82650 0.85943 4.293e-03
0.82700 0.85758 4.293e-03
0.82750 0.86362 4.293e-03
0.82800 0.86383 4.293e-03
0.82850 0.86086 4.293e-03
0.82900 0.85649 4.293e-03
0.82950 0.86572 4.293e-03
0.83000 0.87190 4.293e-03
0.83050 0.86023 4.293e-03
0.83100 0.85731 4.293e-03
0.83150 0.85729 4.293e-03
0.83200 0.85417 4.293e-03
0.83250 0.85764 4.293e-03
0.83300 0.85689 4.293e-03
0.83350 0.85770 4.293e-03
0.83400 0.85576 4.293e-03
0.83450 0.86049 4.293e-03
0.83500 0.85675 4.293e-03
0.83550 0.85795 4.293e-03
0.83600 0.85925 4.293e-03
0.83650 0.86428 4.293e-03
0.83700 0.85560 4.293e-03
0.83750 0.85903 4.293e-03
0.83800 0.86249 4.293e-03
0.83850 0.84887 4.293e-03
0.83900 0.85139 4.293e-03
0.83950 0.86273 4.293e-03
0.84000 0.85982 4.293e-03
0.84050 0.85490 4.293e-03
0.84100 0.86224 4.293e-03
0.84150 0.86077 4.293e-03
0.84200 0.85452 4.293e-03
0.84250 0.86128 4.293e-03
0.84300 0.85715 4.293e-03
0.84350 0.86160 4.293e-03
0.84400 0.86511 4.293e-03
0.84450 0.85472 4.293e-03
0.84500 0.85904 4.293e-03
0.84550 0.86466 4.293e-03
0.84600 0.85900 4.293e-03
0.84650 0.85572 4.293e-03
0.84700 0.85864 4.293e-03
0.84750 0.85551 4.293e-03
0.84800 0.86582 4.293e-03
0.84850 0.85909 4.293e-03
0.84900 0.85145 4.293e-03
0.84950 0.85320 4.293e-03
0.85000 0.85790 4.293e-03
